"FIA001" "FIA1" "FIA10" "FIA100" "FIB1" "FIB10" "FIB100" "FIC01" "FIC1" "FIC100" "FIIA001" "FIIA01" "FIIA1" "FIIA100" "FIIB1" "FIIB10" "FIIB100" "FIIC01" "FIIC1" "FIIC10" "FIIC100" "FIIIA001" "FIIIA01" "FIIIA1" "FIIIA100" "FIIIB1" "FIIIB10" "FIIIB100" "FIIIC01" "FIIIC1" "FIIIC10" "SC93A01" "SC93A10" "SC93A20" "SC93B1" "SC93B40" "SC93C01" "SC93C1" "SC93C10" "SC93C50" "SC98A001" "SC98A01" "SC98A1" "SC98A10" "SC98A100" "SC98B1" "SC98B10" "SC98B100" "SC98C01" "SC98C1" "SC98C10" "SC98C100" "SCIA1" "SCIA10" "SCIA100" "SCIB1" "SCIB10" "SCIB100" "SCIC1" "SCIC100" "P72IA001" "P72IA01" "P72IA1" "P72IA10" "P72IA100" "P72IB1" "P72IB10" "P72IB100" "P72IC01" "P72IC1" "P72IC10" "P72IC100" "P72IIA001" "P72IIA01" "P72IIA1" "P72IIB10" "P72IIB100" "P72IIC01" "P72IIC10" "P72IIC100" "P72IIIA01" "P72IIIA1" "P72IIIA10" "P72IIIA100" "P72IIIB1" "P72IIIB100" "P72IIIC01" "P72IIIC1" "P72IIIC10" "P72IIIC100"
"FIA001" 0 0.110840908866971 0.11849717338106 0.157402728297796 0.0832449353135984 0.0945865973593236 0.108902123238245 0.0669370170273858 0.135159769600371 0.141956392383162 0.149440568928156 0.130790373836874 0.139311773100985 0.148401330449362 0.163737336476545 0.145860801962299 0.130927332372912 0.155796520444012 0.186708604716709 0.116217470031612 0.152971203466763 0.183687103302431 0.190174068902543 0.168089962593212 0.140366375307031 0.187052193693346 0.153554713074551 0.214014838601403 0.187352732270433 0.175709647306306 0.190404829792379 0.209780013854255 0.162789136577936 0.121112103309684 0.235062718025535 0.131293147693596 0.25032614881184 0.161286799166967 0.156702012932893 0.146065358666697 0.188885139239721 0.171961180684942 0.18559116117897 0.18445168281475 0.143564106008309 0.196555673882968 0.192636144431491 0.15481355733692 0.194268146812325 0.197034856305503 0.193494378835151 0.192901405720033 0.116206439708284 0.150844191146584 0.148245511469742 0.144703528118451 0.11310082746205 0.21805705603902 0.112464372712033 0.126953819536756 0.261285817224172 0.222656173988118 0.273528308145407 0.203878659557309 0.255229940315691 0.237497844674562 0.20095171527533 0.259434133668164 0.237452354348361 0.205183329757628 0.255604454280048 0.232747948704473 0.189582342666511 0.20224686590927 0.21973280663113 0.209132730420673 0.232505067842091 0.267774898565323 0.173153318566275 0.253049010450618 0.232543880866859 0.183361572493773 0.214336609453397 0.275338022604493 0.21538049499222 0.291261138676816 0.23133196216724 0.197385726295941 0.252390863495101 0.278551296788001
"FIA1" 0.110840908866971 0 0.106787563781005 0.109856377281711 0.0703143170845473 0.134776902535415 0.101857650948083 0.0838357390561278 0.123940539935842 0.12485437017747 0.186038168465997 0.166997009402263 0.166459153445032 0.183178465435282 0.195952900144657 0.179597448866514 0.140313867562806 0.155977747174572 0.221930404327263 0.132093170704513 0.182171670711132 0.206051257653063 0.214133330318769 0.193359772858095 0.159220289013692 0.212383487238438 0.180693872185816 0.238246334466413 0.212718309832187 0.203249875138768 0.203914748653312 0.169678112133544 0.162338347227856 0.152264366697311 0.213318370866199 0.152548581836177 0.203186026081645 0.14685904901114 0.174765480644895 0.138956589553979 0.213130782191039 0.188709939857889 0.210156006408758 0.208596389587288 0.1884577277838 0.219788056934243 0.217050328017561 0.136513373918404 0.219197264700524 0.21919772185665 0.216141151097601 0.215306143914041 0.12821102805867 0.127704184527612 0.15843212318357 0.116869509967854 0.1403261362223 0.195662584931105 0.15205935920544 0.153305203643548 0.225438968930619 0.190808134280544 0.229952988385082 0.174219328914114 0.223969965546851 0.201645107390311 0.179001335295609 0.222584243319193 0.202493410565686 0.18266014770227 0.221794027759639 0.201195768441744 0.185680557265021 0.204622134292609 0.193559024383198 0.229716325103092 0.198017840765398 0.251960554872036 0.160927158185204 0.222016610490387 0.192177538182163 0.187413678526216 0.19377379179716 0.237552150346857 0.186483769416554 0.253568478571482 0.188417896669584 0.170661387171267 0.203244895989165 0.233276386098083
"FIA10" 0.11849717338106 0.106787563781005 0 0.149467870681327 0.103046454759745 0.105565201370749 0.119289178420542 0.111691672639497 0.161775359040185 0.142395653712779 0.192190053066649 0.170909977368596 0.178927835425694 0.190870224132657 0.19840187934422 0.182123956641214 0.149051848843856 0.183072392477308 0.226592760315292 0.134322710835925 0.192058734023635 0.207746343758873 0.21390298933993 0.20061003233853 0.171697608734427 0.210501899451002 0.188057724736168 0.235491237586892 0.212979467662422 0.209519550241711 0.203417612260352 0.221289191028518 0.202764739210173 0.169936558934848 0.24947092147192 0.169970636202549 0.243561022322696 0.198912539880696 0.182403870731231 0.172115316304886 0.212396547724479 0.187787696144752 0.211097064330032 0.20708346250473 0.153131298414898 0.219013291645585 0.214842375345193 0.12497318807414 0.218824886213464 0.218523249093854 0.214192937487227 0.214307494378342 0.158471907293607 0.160092591569699 0.180409736987699 0.155646730965094 0.156297693191272 0.231421888862404 0.152344761082944 0.167510161548243 0.268578118652861 0.227319277272475 0.273637241672729 0.220250900330675 0.269964023969434 0.246153391351951 0.214741706411128 0.267082361382276 0.241106901579529 0.210162602459774 0.267628380972346 0.244144355085626 0.200300561039642 0.222328501859958 0.236242067945102 0.234660112664341 0.240327219730596 0.279096658403549 0.183615605469305 0.264961320098325 0.229945508299973 0.193559943099933 0.212332569666689 0.279560195706182 0.224889023439008 0.294417269111882 0.224931713079923 0.201649960393158 0.244916368735493 0.274774758597381
"FIA100" 0.157402728297796 0.109856377281711 0.149467870681327 0 0.129819759206613 0.168604291796098 0.126036595887404 0.139078354995568 0.136000004083663 0.136315002658179 0.200771924369123 0.180918640821792 0.148391550853864 0.208388460264119 0.211876324442481 0.190166481648308 0.151160471408856 0.154290075760955 0.234672202392494 0.151527922692351 0.20639361090271 0.226856463591625 0.23717657305139 0.212475836324698 0.170792573977855 0.231804631538705 0.187001533412134 0.258529092622659 0.237075825530516 0.229108165555249 0.220115178812783 0.150898466734663 0.153650034727698 0.150950323602388 0.199801845457466 0.164906031969857 0.173797345206271 0.13148681032784 0.193155338375204 0.133580381886523 0.230786264488933 0.197397631634018 0.231981541596627 0.229805208961394 0.212472217092342 0.239870264110818 0.237915915531114 0.141213532415842 0.238203374516036 0.23949319933283 0.234081195116169 0.233583531133185 0.140831780866219 0.120190522224533 0.163564164612364 0.118695170747328 0.166910979162686 0.178537927049189 0.171253467867641 0.166121557080468 0.180753450172964 0.151705006014262 0.187069303351106 0.138493519320021 0.178672528602185 0.159762227567009 0.150378165104082 0.182892525780909 0.160326935782248 0.149978874086578 0.183823648924165 0.157959646279092 0.165791968372944 0.188396660208398 0.157441375419372 0.214174522552549 0.161746541928011 0.211593891387861 0.148146117910858 0.178907557979711 0.157533723155008 0.177370808633534 0.167614523197511 0.199278221848181 0.153944592594182 0.227872236968475 0.160574935015061 0.138523628856963 0.162784001369652 0.192324943897846
"FIB1" 0.0832449353135984 0.0703143170845473 0.103046454759745 0.129819759206613 0 0.11749788238087 0.114018197836461 0.0738475081145364 0.120421698638813 0.114412126243818 0.16905934915296 0.149372873139448 0.152147667888857 0.167921780553052 0.180517642263825 0.166713240050962 0.142831099503889 0.145049329400772 0.206682231440055 0.122502118579116 0.174418440957507 0.195057545610082 0.202969895464487 0.179879382757038 0.151390903944745 0.199489989138877 0.165880849024947 0.224931452598447 0.199101483398592 0.195180756148985 0.20237976366637 0.193697036543215 0.158088957597245 0.140618832606117 0.220230172758178 0.147012703005128 0.224052576256439 0.154607504190822 0.168839729920296 0.14681503295422 0.200215951385251 0.183022292324177 0.197134143624349 0.194208899155583 0.165048324535165 0.208135648150446 0.203449012089076 0.147660852337839 0.207020439936801 0.208178645789969 0.204572153873845 0.203087494924487 0.121459812160684 0.136597643886165 0.143103537164363 0.132435473528692 0.132130138846585 0.201898920856482 0.135361520272405 0.141404077085143 0.237903128653524 0.200752689497603 0.249556419189678 0.181740871041152 0.231292504856719 0.2119207812837 0.18247420698785 0.235021100697841 0.21320022183176 0.182555449590499 0.229949305387004 0.206787421954065 0.186711093903365 0.200864219625387 0.197353396744765 0.216880104852665 0.205878318632166 0.245584874422401 0.160900809011008 0.22815363358581 0.205362990331246 0.184514445968257 0.195888455867492 0.247226818482747 0.191850332736027 0.262708694667784 0.202451240348136 0.174910713355786 0.223948145571259 0.249085380492348
"FIB10" 0.0945865973593236 0.134776902535415 0.105565201370749 0.168604291796098 0.11749788238087 0 0.117468504031463 0.106197974498241 0.17464989219539 0.1591541213461 0.131265386845879 0.11701531841357 0.148218741789379 0.138053616818928 0.141357553520332 0.131288794231084 0.1180716981729 0.171482058643651 0.169122425784545 0.109237997381982 0.144329640204998 0.159055950708074 0.167249162992491 0.148965640916541 0.117982219199869 0.165834531785607 0.134141214793725 0.193751088695631 0.16803544058063 0.162483633591009 0.163826137965057 0.228233893713031 0.188972672544951 0.14447629198231 0.257165494859307 0.134481295792612 0.262488076970141 0.183996707508584 0.134242899056102 0.175962416497862 0.167988987852157 0.152652201804922 0.163509208807672 0.163080130812623 0.0976212272229353 0.17453959756869 0.171401492809423 0.146696674257414 0.17287132408257 0.175132977472977 0.169107940458953 0.171034111020911 0.142343184922733 0.165243954339584 0.157971360532991 0.157158523463479 0.130206953843648 0.239301971310359 0.116221983095432 0.123522133768559 0.276716479699014 0.237827335657523 0.289177476455324 0.22233102510592 0.27534681464687 0.252369129753782 0.217995152721261 0.274981727031598 0.250930992622508 0.214867265592286 0.273878312596694 0.251617110447189 0.198446191192601 0.206587888786265 0.239727106960961 0.212041588303478 0.246639703291872 0.288682414267656 0.187074503341534 0.272015029874173 0.248189016698914 0.180745146072236 0.227729696308371 0.291493129306758 0.234299141714076 0.310528417077416 0.240716557506275 0.213552161989586 0.263524213640362 0.294848537540294
"FIB100" 0.108902123238245 0.101857650948083 0.119289178420542 0.126036595887404 0.114018197836461 0.117468504031463 0 0.0884075382672195 0.144108121576833 0.14067179087552 0.152339316183234 0.132550971814567 0.145421000123943 0.156614416275657 0.16100958676168 0.149557947371452 0.100790361163953 0.150694503942285 0.185782635372733 0.102401109955452 0.152447363489389 0.165646641951789 0.17426754764269 0.157894180516581 0.124797832418236 0.172119580725346 0.150763645630631 0.195747541919642 0.1725464436361 0.163698816785875 0.166056950864461 0.186734906575233 0.164615385522492 0.129277500040205 0.233621598585651 0.123808313360229 0.223089886188365 0.152462053336941 0.141281321320983 0.146921587398332 0.171878414120045 0.138090066663281 0.170684165626635 0.169147889010361 0.154431391342958 0.177967231793055 0.177052911981101 0.152265835203057 0.178461626528013 0.178130350269737 0.177599842834824 0.176494623554461 0.127148775379208 0.127753392030831 0.151023232575306 0.115255558986981 0.119361840520029 0.219547669983346 0.123010935796525 0.119366449600777 0.250240004429224 0.212117277604613 0.253769862929697 0.199298520877231 0.251878680129546 0.228818360229133 0.197031977706923 0.249656564003028 0.225405021300967 0.198689953398222 0.249872817382864 0.228255813454313 0.183147165782206 0.202588616161291 0.217659042183493 0.220689803118884 0.224744362296413 0.273059175192691 0.173159482448011 0.248497175293122 0.219823131254305 0.18286084600705 0.206944260308649 0.263948438070145 0.213895592280507 0.283652316207375 0.214671506970818 0.192286896946857 0.215998802968622 0.254663306745241
"FIC01" 0.0669370170273858 0.0838357390561278 0.111691672639497 0.139078354995568 0.0738475081145364 0.106197974498241 0.0884075382672195 0 0.125054008307509 0.121754597112578 0.154422723198716 0.134238955998104 0.148068329269911 0.15087239112029 0.166846211883022 0.150006643091371 0.120071699946366 0.137096168427172 0.192730170288748 0.10369284553604 0.14499068032293 0.177148214998358 0.186173596297673 0.167290418236938 0.131421528774855 0.182149574261897 0.15478957689543 0.207810662374125 0.183121755373248 0.170617543820948 0.18384107076922 0.181716046651873 0.147663979149067 0.118578901541168 0.216919977060975 0.122751087426877 0.223734473564309 0.13949286550377 0.149408832686444 0.135346795797948 0.182660966232221 0.161642058491539 0.179431480054352 0.177359180655057 0.149976097887946 0.190453980817947 0.18709908255596 0.136689882181897 0.18841565871409 0.190014864556394 0.187264833296482 0.185536195985305 0.0995303111811998 0.124142324452858 0.134224602437171 0.114246539476797 0.105051429820649 0.204040779281926 0.117196957693118 0.122901985875718 0.244507050936763 0.206794389762657 0.256700291449962 0.189350307030139 0.240815278275034 0.219564550541601 0.187824778251399 0.243758507885004 0.220825787797958 0.18806017153004 0.238222761391525 0.217154506604358 0.192135817892268 0.20597468820187 0.207158253470878 0.221965271999266 0.214543713544053 0.25591595100051 0.16499528646838 0.237213314229362 0.210354165878268 0.1811738568306 0.19740911940161 0.254707051678621 0.200366050433378 0.270969437184328 0.201645089548357 0.180094145174283 0.225883691268999 0.257270150220503
"FIC1" 0.135159769600371 0.123940539935842 0.161775359040185 0.136000004083663 0.120421698638813 0.17464989219539 0.144108121576833 0.125054008307509 0 0.106129277158819 0.220766017570585 0.202412332901412 0.177766310994178 0.21427301665481 0.228617344868848 0.218815652298112 0.173840656291037 0.176767710957841 0.246474887951278 0.170399408315298 0.212198924549414 0.239401329695862 0.247453712555417 0.225986265049725 0.195744149609773 0.243421133666956 0.217986934354532 0.267436177134219 0.244931396159145 0.232944830807658 0.238665455563235 0.149837581877553 0.132186340564995 0.168322720628577 0.176655756218268 0.186001099975007 0.17818665647254 0.126002030349229 0.212188708390739 0.138103601156533 0.243692877956912 0.218996600506211 0.241766901034441 0.240135462515438 0.221787487622328 0.250719712115968 0.248176822491617 0.150463559034064 0.250041689901306 0.25127983472415 0.247697358277352 0.248153325928391 0.160215084889751 0.121468012794618 0.188525790479653 0.134478570038539 0.170935741417099 0.168366507322066 0.187881562990451 0.183752532558733 0.203572480476949 0.166113766331441 0.214857981807875 0.167392705079738 0.202466774206916 0.182711049250958 0.153978427672709 0.207299827123435 0.176944335136888 0.149857917379868 0.197373177506889 0.179787090355636 0.213619091086745 0.237765978118536 0.200353780335892 0.242787201413128 0.189237098603257 0.209360912209165 0.203605200699842 0.202110999837335 0.171322611650234 0.205959090645763 0.195171567596569 0.22401375878092 0.187727120688986 0.248045939453387 0.180887147738141 0.167247416617714 0.191553516864686 0.217144592657346
"FIC100" 0.141956392383162 0.12485437017747 0.142395653712779 0.136315002658179 0.114412126243818 0.1591541213461 0.14067179087552 0.121754597112578 0.106129277158819 0 0.197270677546752 0.177218829675615 0.18087556258202 0.200577573229342 0.208331564527736 0.193930579423093 0.151187834473319 0.15902817413746 0.232597556750838 0.14881726580676 0.202936190824046 0.222180609952053 0.228978271860349 0.211608350585306 0.182439148008697 0.22868146445094 0.193621117677157 0.254000467573514 0.22886760502569 0.222922307353867 0.228741249363286 0.177861500702529 0.14818271463377 0.177721981304412 0.20409463460892 0.180962772801052 0.203776246464187 0.148056571574017 0.198175377681236 0.15502095152831 0.229836651555787 0.208398218171359 0.228170040964256 0.224264983969071 0.201314226220816 0.236106230040535 0.233618385760503 0.152182588929273 0.236268522836725 0.235231042256384 0.229234579586855 0.232850470490201 0.14870882436189 0.129658309996229 0.179298093984551 0.134326169564078 0.170696633447656 0.184505928072344 0.172388433799215 0.178002104567996 0.222424009200681 0.184452822288735 0.23467878929867 0.170750797577366 0.218528912991264 0.196522355254547 0.170186327783211 0.221659839818173 0.19783533909443 0.167536627436798 0.213448648757023 0.19470536635713 0.214341977508023 0.229452861089306 0.200150492839535 0.24365721009623 0.192039118956437 0.228266267114725 0.19190646334429 0.213035668552102 0.185729407209051 0.200063824245395 0.20623190142506 0.230402173292336 0.17970884615764 0.248117339940858 0.180709680500646 0.1696612610046 0.207836733596363 0.232317851966702
"FIIA001" 0.149440568928156 0.186038168465997 0.192190053066649 0.200771924369123 0.16905934915296 0.131265386845879 0.152339316183234 0.154422723198716 0.220766017570585 0.197270677546752 0 0.0716376172829835 0.156534297386651 0.10840748933962 0.0906920741544516 0.0853508886140547 0.119719647577361 0.144205513843486 0.0974268391967644 0.104767011035672 0.11147602768182 0.121432785011559 0.129720650587101 0.116421780555281 0.112237974067483 0.128653411152106 0.0920847081963315 0.160418691481009 0.131990333895092 0.127840668099819 0.135031927389955 0.260392871913858 0.193668482970655 0.13504242684827 0.282758366532543 0.125150897160325 0.293778661254628 0.203098966896845 0.112466089117351 0.194079712192875 0.130457230198185 0.11528071679598 0.124800773736689 0.126332850966303 0.104934782078257 0.137859466589728 0.138496806054244 0.219561458200164 0.135031273728764 0.138155619237615 0.132713608700884 0.134223991880365 0.149933927154031 0.194196889336608 0.137648631539843 0.179827067675913 0.129176586402807 0.250989718603748 0.13222072470503 0.118494324873506 0.293158546959071 0.25275265083512 0.308303333641862 0.236746415694217 0.281382174356196 0.274488993873281 0.240493793608037 0.287341723802566 0.264634301356004 0.241115128167826 0.291698187711905 0.26385739352632 0.208627155970556 0.204417454387646 0.242458485606116 0.197121348946855 0.267699060705202 0.295577133222618 0.204818011666467 0.282848742840173 0.264195364560465 0.199305341055846 0.244723832208547 0.303954037267564 0.248080787400961 0.317459853816551 0.267682361016423 0.229383632303811 0.285081023654978 0.313701622574737
"FIIA01" 0.130790373836874 0.166997009402263 0.170909977368596 0.180918640821792 0.149372873139448 0.11701531841357 0.132550971814567 0.134238955998104 0.202412332901412 0.177218829675615 0.0716376172829835 0 0.14179649041754 0.111778672583767 0.0895196164584494 0.0882552427828897 0.103226083728977 0.114640444927404 0.117327767012424 0.0829362116929118 0.11268491729474 0.116031508598979 0.124144923077519 0.113318449632445 0.0935166506275751 0.124674495432986 0.0872591251644855 0.153136324748756 0.125773200066801 0.126117557953491 0.126675040399753 0.24341204949549 0.178073726324235 0.1189109572474 0.264843617767202 0.105238995756011 0.274688842740406 0.186203030497688 0.102089842013323 0.179698745558053 0.124574045178669 0.110071410460474 0.120018195823197 0.122699015510696 0.0954075623617161 0.131421290542172 0.132806426768597 0.204870860215891 0.128702743020631 0.131060394639059 0.129097530749932 0.128980700573431 0.133722573171401 0.174909687574548 0.119874120518537 0.15555611052092 0.114062947645273 0.238141627750789 0.116207232818687 0.0976664853520048 0.274518148828276 0.236148049084185 0.289989492689367 0.218043241189045 0.267531818546591 0.25349856268532 0.226582681339401 0.275360918279911 0.251319883421653 0.222287956354441 0.273080261710985 0.246850150835596 0.193080718584641 0.192848957308543 0.230922597496123 0.205080885651069 0.247093952260008 0.283608589938298 0.184133911285969 0.262388713267074 0.246988518012149 0.180152117651399 0.22617017592391 0.284238744796846 0.231607900558251 0.305313554503437 0.247645166378778 0.210747249798154 0.265999787838589 0.294114067592714
"FIIA1" 0.139311773100985 0.166459153445032 0.178927835425694 0.148391550853864 0.152147667888857 0.148218741789379 0.145421000123943 0.148068329269911 0.177766310994178 0.18087556258202 0.156534297386651 0.14179649041754 0 0.172068287502085 0.168200326700736 0.152007541961422 0.14114749499061 0.147776184442584 0.188152249614095 0.129611660523822 0.174710526192204 0.184894597893152 0.194819679867336 0.175871365252184 0.140036197964608 0.191100092524463 0.153002479849664 0.216654048212455 0.194121318597004 0.191720668446478 0.191191398574504 0.213157479461804 0.161842225682615 0.130060086932654 0.238550324943346 0.147272925033889 0.240380405567315 0.16002798833727 0.16250692057921 0.152669946326092 0.189056459449757 0.171136637052194 0.189283925272645 0.189701762553051 0.173181724808502 0.196782002304674 0.194255515139265 0.189551562442984 0.196553952328744 0.197904318506301 0.193439419950129 0.193747132769785 0.137997686178082 0.173716724869752 0.147605159224892 0.165698309128361 0.145308516477285 0.214852043279527 0.135215913455239 0.138366450325035 0.199282380146273 0.158269684712076 0.222590016401912 0.157758273022422 0.190067504195477 0.184191132792112 0.155247790390412 0.197710161023571 0.177414021103708 0.160323373399197 0.214887622175207 0.176127818119333 0.127479169922644 0.143432427263305 0.162916531491402 0.152860695173473 0.189222925943434 0.210094943791119 0.138669768692054 0.193158706412071 0.185814814246251 0.140148321850166 0.17637116840896 0.237084354520787 0.185001389153299 0.264781810777002 0.20413141931982 0.153269267579993 0.216135085939555 0.244876411475817
"FIIA100" 0.148401330449362 0.183178465435282 0.190870224132657 0.208388460264119 0.167921780553052 0.138053616818928 0.156614416275657 0.15087239112029 0.21427301665481 0.200577573229342 0.10840748933962 0.111778672583767 0.172068287502085 0 0.069201162939965 0.104984977168671 0.132639175762356 0.180738323259837 0.0915384097351555 0.114672345825276 0.0589564018668915 0.0819637012392529 0.0824575130216666 0.0705529311134186 0.106071285998265 0.076972750636459 0.102249843327466 0.0992944590310995 0.0810015595369559 0.0695962081487727 0.098589913626844 0.255692990774929 0.190913067248024 0.128690428538381 0.28070741380275 0.101822526572185 0.291596081800615 0.198474002096346 0.0920596410602613 0.196522666708885 0.0789628513810786 0.107220882789996 0.073696025311919 0.0796159413592342 0.104483911267059 0.0854961853624762 0.0828661466658391 0.216756980622449 0.0821842684016222 0.0853837114420249 0.0836568183852905 0.0854673383395889 0.1605700057517 0.197885258205342 0.134597484542946 0.180815937988574 0.118947246982429 0.264298510489192 0.144695999032396 0.103816168148877 0.301000888847291 0.266946070899296 0.314770481574451 0.245969737850129 0.295322580268987 0.278647826771579 0.247117405549056 0.297404937961594 0.279873380492379 0.242687023505148 0.302981725012397 0.273522767860355 0.219125469649892 0.218004741548773 0.257051514451553 0.209853133437952 0.270473744586442 0.310126829640877 0.205583573364886 0.288403167408331 0.275681561454238 0.200859797712923 0.24980433016545 0.306014181897586 0.253260842545989 0.330125428738016 0.268402712845949 0.236014871829968 0.284622663484485 0.319613476606542
"FIIB1" 0.163737336476545 0.195952900144657 0.19840187934422 0.211876324442481 0.180517642263825 0.141357553520332 0.16100958676168 0.166846211883022 0.228617344868848 0.208331564527736 0.0906920741544516 0.0895196164584494 0.168200326700736 0.069201162939965 0 0.100948448007559 0.135705431613824 0.172263368569303 0.0696447813965371 0.110883125205835 0.0653600407381298 0.0601581249011758 0.0672688190414902 0.0597932999305619 0.103062370711328 0.0673102513509889 0.0844076965573971 0.0950867307595319 0.0697756673534174 0.0706275719017667 0.0854874433711699 0.265359361607083 0.201279588651772 0.138258591228317 0.296806434533512 0.112680371498481 0.299963269314805 0.210488063945792 0.0860915220058815 0.210075777450111 0.0696592859029517 0.0991242944128205 0.0639080335321406 0.0695558184047367 0.0977419959083554 0.0770679724293953 0.0778614145235557 0.231349958690617 0.073645808714249 0.0763591213265459 0.0756319792614709 0.0769190836904046 0.173544048405706 0.208860275090754 0.133474615288913 0.193046741121331 0.130686102559284 0.274555734385849 0.158150935218759 0.104844693734345 0.30272269696928 0.267085080950927 0.318053850934689 0.244686770768462 0.296698444405016 0.279751528497395 0.252639588921901 0.301405304553584 0.279926281116741 0.243669533544628 0.302916141068252 0.275048268358668 0.220445886240383 0.220478550524385 0.258379812322114 0.212009314899453 0.27282035738175 0.313143243092836 0.20843789363285 0.288236313947253 0.278578378998947 0.204706660434486 0.254391888469173 0.308523582182199 0.260070867314532 0.337530058044205 0.272227572872155 0.240856343149515 0.290519019327888 0.323839902080047
"FIIB10" 0.145860801962299 0.179597448866514 0.182123956641214 0.190166481648308 0.166713240050962 0.131288794231084 0.149557947371452 0.150006643091371 0.218815652298112 0.193930579423093 0.0853508886140547 0.0882552427828897 0.152007541961422 0.104984977168671 0.100948448007559 0 0.120721843202278 0.148359220039567 0.111072348778227 0.105748225603539 0.107491989626875 0.118427080836914 0.125626832044107 0.110033005786171 0.101235860712846 0.119512790700497 0.0978064296003327 0.147146500732424 0.124524188980056 0.120256285926488 0.121513146147605 0.253466614848668 0.189144590478394 0.133493436463793 0.275782286039188 0.117935734815623 0.286400498510081 0.197125899078245 0.101910469363779 0.188975846873912 0.118840957836692 0.110588003943082 0.117450889793688 0.119273710911291 0.110066412518978 0.127366861365227 0.127283319482749 0.220242723227626 0.123510899599184 0.126443752164335 0.124808808470573 0.12308563365636 0.15061451962298 0.196959695756539 0.137899990084904 0.17355387765934 0.128667787109219 0.244419464224216 0.128591254344812 0.114501960238112 0.287002079288208 0.248956455172073 0.300380508626615 0.236938161817602 0.280044690379506 0.267219917639029 0.238861437026123 0.280876179952229 0.261979457336372 0.236087501425189 0.287689694481173 0.260482143710027 0.201136332353526 0.2027285539602 0.243344354178252 0.193211844712766 0.263489739765356 0.294079598674108 0.199557644055447 0.281537562630536 0.258137408054987 0.193336983846573 0.236354136957684 0.297470439311192 0.243270001421492 0.3122673058393 0.259796983158077 0.224767808827149 0.277382410586011 0.307089342485811
"FIIB100" 0.130927332372912 0.140313867562806 0.149051848843856 0.151160471408856 0.142831099503889 0.1180716981729 0.100790361163953 0.120071699946366 0.173840656291037 0.151187834473319 0.119719647577361 0.103226083728977 0.14114749499061 0.132639175762356 0.135705431613824 0.120721843202278 0 0.133559325230788 0.15842280434413 0.0966283733757458 0.136028046663493 0.153990531922668 0.163694933759313 0.147428691165497 0.120470951216695 0.159151349450154 0.133216764529604 0.185421004168007 0.16576638327674 0.154098726601828 0.157736135370355 0.212863793438934 0.166135397050839 0.133011855173943 0.24193429247516 0.127799482445636 0.243951811275773 0.168621463223936 0.129041442932819 0.156496813379613 0.160203386990497 0.113813398446215 0.157364833148534 0.160376521175969 0.135035817088164 0.167103483245418 0.167047299210031 0.173530780397089 0.165496163478866 0.166188183153332 0.159827683650229 0.163260651441998 0.123054436529826 0.139645611448333 0.149576668412161 0.126752878527518 0.123341295651614 0.219235782515958 0.122420216591878 0.120937539559249 0.26367997996284 0.226270079695223 0.27150578809128 0.213729327928766 0.26250417582786 0.243012527939361 0.210203657664155 0.260955461520176 0.239261956085505 0.210685997780262 0.265126087454919 0.239687031853769 0.185213320711319 0.195222145920218 0.226880614571122 0.207477267946035 0.239865900325464 0.27535442824867 0.184454326159478 0.259320924476185 0.231325185024679 0.169684426108086 0.207523348374535 0.273053846151853 0.223440092261832 0.291464749159274 0.23093151325708 0.200782611063003 0.231120435437067 0.270788563558254
"FIIC01" 0.155796520444012 0.155977747174572 0.183072392477308 0.154290075760955 0.145049329400772 0.171482058643651 0.150694503942285 0.137096168427172 0.176767710957841 0.15902817413746 0.144205513843486 0.114640444927404 0.147776184442584 0.180738323259837 0.172263368569303 0.148359220039567 0.133559325230788 0 0.185174826447071 0.123639180217771 0.179560541891055 0.18976983331172 0.19793255002807 0.185049818973802 0.165333562014894 0.194823281748845 0.162055723396318 0.222718557246033 0.198352299525311 0.196710300070285 0.196503096662913 0.213384423480774 0.146821962164926 0.141144804237686 0.226811983753649 0.150673869543664 0.242963088768484 0.152903001407346 0.167874040530873 0.147650175016106 0.19480470038823 0.16855398541793 0.190009297142405 0.191892343513268 0.165863190281594 0.199756537902238 0.202859309271807 0.179391194775307 0.19823203565187 0.200187559684088 0.194789655547708 0.196708977304216 0.116447016796794 0.146339227116161 0.127561384475277 0.127398931782647 0.143406296824064 0.185981525550295 0.133584703245167 0.145475969825618 0.235966242215035 0.200106654339393 0.249260752513295 0.189040540727156 0.221664870822611 0.220260742674093 0.198047581948824 0.228477275217964 0.205696036396667 0.200747926246733 0.235550879273495 0.210358806511027 0.195569880158513 0.203184570354051 0.187588029154307 0.223309669769124 0.219883713653519 0.238203222988459 0.183017258453425 0.223880763058937 0.206583089702026 0.205934178698383 0.206834302051476 0.251166788186454 0.197445110237789 0.253081186847995 0.21820719971837 0.182549301788785 0.228804845543666 0.254280694362019
"FIIC1" 0.186708604716709 0.221930404327263 0.226592760315292 0.234672202392494 0.206682231440055 0.169122425784545 0.185782635372733 0.192730170288748 0.246474887951278 0.232597556750838 0.0974268391967644 0.117327767012424 0.188152249614095 0.0915384097351555 0.0696447813965371 0.111072348778227 0.15842280434413 0.185174826447071 0 0.143072241768786 0.088010752903932 0.0939799001912014 0.0913251758004337 0.0926148616944111 0.126853251701823 0.0885576487900694 0.112240061669548 0.117040712411688 0.0963449345704603 0.0876547282986211 0.108691373591274 0.283984742966151 0.21624332407592 0.15490460045761 0.310789360614618 0.131435910280113 0.317420791383753 0.227745282154468 0.111226514260749 0.220911394021743 0.0921781443689074 0.120894303680742 0.0902909095576686 0.0994469060389882 0.12970380894466 0.0983318886740173 0.1027768468394 0.256936027134048 0.0954232864861675 0.0986912142133724 0.0991303543331388 0.103753260277003 0.189593103683108 0.22962521444197 0.151684413146659 0.215411109039802 0.151176750909758 0.281904373640413 0.171643951726995 0.124892733843917 0.323140927877918 0.288753640766742 0.337966768843768 0.271988783511336 0.311352291141721 0.305278504053458 0.271083429570933 0.312705843160152 0.298324140481739 0.271487474535396 0.323499832615401 0.295132823455972 0.241365800372141 0.233148833937698 0.269763538210139 0.218945856486009 0.303667096676502 0.321301024309107 0.236849749262128 0.311163419214694 0.299614241753846 0.230749982644386 0.274629027760574 0.332329629850635 0.284350447080935 0.344258879564464 0.300211892957261 0.265353844117571 0.314634409027886 0.343816275072149
"FIIC10" 0.116217470031612 0.132093170704513 0.134322710835925 0.151527922692351 0.122502118579116 0.109237997381982 0.102401109955452 0.10369284553604 0.170399408315298 0.14881726580676 0.104767011035672 0.0829362116929118 0.129611660523822 0.114672345825276 0.110883125205835 0.105748225603539 0.0966283733757458 0.123639180217771 0.143072241768786 0 0.119959611216955 0.132892009501495 0.140842513020375 0.12641720162165 0.10236729150778 0.139063142679325 0.106324632253161 0.165007744562927 0.141273564264197 0.140511116279524 0.140062871020676 0.206737913978513 0.160482583173923 0.109306745779584 0.237787728838467 0.0987524048393858 0.24112819216977 0.159618980012334 0.107505934182709 0.154332755306309 0.138799264432428 0.11753718744132 0.133635322694229 0.135935769240395 0.114730330355662 0.144472688195697 0.143165858861782 0.16823682519983 0.145082446717656 0.145195257240323 0.142667882186452 0.141814924556854 0.119777375504695 0.144728949288105 0.111962798972386 0.131265215879805 0.096851015924932 0.214247622902396 0.102427575371032 0.0901854880472491 0.251857818983305 0.214538701689332 0.263627482770376 0.199265848078753 0.251267629246782 0.229443039369177 0.204985923112942 0.252079222326581 0.227928516887184 0.197054216624726 0.253446754633695 0.229944996412975 0.180616351609489 0.197697032341028 0.216385719075137 0.208900004896699 0.225097366293819 0.26474309808796 0.168198379454103 0.246776768314521 0.21986735421841 0.172250240081759 0.202351433616627 0.262719683274058 0.211802671640683 0.284259063676307 0.214477208795617 0.186269478393795 0.233821775346765 0.267316633674403
"FIIC100" 0.152971203466763 0.182171670711132 0.192058734023635 0.20639361090271 0.174418440957507 0.144329640204998 0.152447363489389 0.14499068032293 0.212198924549414 0.202936190824046 0.11147602768182 0.11268491729474 0.174710526192204 0.0589564018668915 0.0653600407381298 0.107491989626875 0.136028046663493 0.179560541891055 0.088010752903932 0.119959611216955 0 0.0689160783687386 0.0725924765422946 0.0604669631868816 0.0989858964755444 0.0675457114301355 0.101701477922085 0.0944602364950605 0.0742141961088222 0.0581923439726204 0.0896040253008173 0.241448914140498 0.182653061718193 0.115524213873962 0.276010422993331 0.0902623724986717 0.286274206450304 0.187582596975919 0.0855185139085937 0.183580534387219 0.0684278814754842 0.0983645139596094 0.0662287714986537 0.0679293668586729 0.111832851962702 0.0756050682234641 0.080077448766028 0.216940473669829 0.074250169686085 0.076339388090612 0.0741330412584332 0.0730686373736307 0.15712592448715 0.196544179970223 0.128802890078065 0.172519617433159 0.101080921611096 0.263053175097617 0.14994034393269 0.0954663748278248 0.29910757667389 0.268231336197898 0.313147644263102 0.248931974276415 0.292906199065721 0.278058547133805 0.247908679522457 0.296105124843562 0.279865348994241 0.244867731580799 0.302365182723419 0.271981095887941 0.221380670229386 0.220680126542641 0.257282114553225 0.211836372040222 0.274819213578491 0.309614466554125 0.21127294468145 0.286677779407232 0.278729906134095 0.20457217178132 0.249597531909275 0.30359463050206 0.260910426202013 0.32578497635042 0.270357089751734 0.243261666952633 0.282038757916611 0.317952173813098
"FIIIA001" 0.183687103302431 0.206051257653063 0.207746343758873 0.226856463591625 0.195057545610082 0.159055950708074 0.165646641951789 0.177148214998358 0.239401329695862 0.222180609952053 0.121432785011559 0.116031508598979 0.184894597893152 0.0819637012392529 0.0601581249011758 0.118427080836914 0.153990531922668 0.18976983331172 0.0939799001912014 0.132892009501495 0.0689160783687386 0 0.0341112544981842 0.0489889544912847 0.106938844866396 0.0388900953343334 0.110162927793395 0.0625286307046281 0.0383971780270489 0.0453736705839765 0.0839354045454796 0.272444972284201 0.212177463644944 0.146871329086879 0.306630811802097 0.113235819023033 0.308491717180615 0.218928907141234 0.0886162991063949 0.218467984296168 0.0435736099208895 0.102198958839051 0.0436571152872965 0.0473045064914467 0.111750221088649 0.0478472762259025 0.0525935542690319 0.246446478201348 0.0484960206051792 0.0462229436682407 0.0460630016749321 0.0508163478625684 0.186562378270746 0.218294562765861 0.140233063833086 0.201944358495986 0.135464080784321 0.28376748681489 0.172985353237188 0.10750436600424 0.316014622381488 0.282612498274715 0.330741898039599 0.262778352615709 0.309783183561124 0.294573598808034 0.268756745197256 0.3139445430495 0.293984173416413 0.259194291927407 0.317204632659101 0.28819359031171 0.235172827873023 0.234463394360317 0.271611096571904 0.226791896129952 0.290493936486891 0.326325740169516 0.225461636723851 0.299828722477594 0.29385395987084 0.218842798656953 0.264769310729522 0.320554978568626 0.276416841698601 0.346979836299687 0.284907217149868 0.255790750666904 0.300667469500382 0.335664007244482
"FIIIA01" 0.190174068902543 0.214133330318769 0.21390298933993 0.23717657305139 0.202969895464487 0.167249162992491 0.17426754764269 0.186173596297673 0.247453712555417 0.228978271860349 0.129720650587101 0.124144923077519 0.194819679867336 0.0824575130216666 0.0672688190414902 0.125626832044107 0.163694933759313 0.19793255002807 0.0913251758004337 0.140842513020375 0.0725924765422946 0.0341112544981842 0 0.0545075267845975 0.115553058014036 0.0237807873437657 0.115273384852699 0.0492021643210284 0.0264512385880053 0.0375726245243108 0.0820793766855219 0.282531102996029 0.221709136869198 0.153943127460402 0.316750528101416 0.120436991155913 0.318997591657768 0.228897634618878 0.0955812830164642 0.229634465103179 0.0352989453292506 0.106849055495176 0.0360644311212634 0.0419725055020498 0.120595585281426 0.0382708467061033 0.0460085251070225 0.256272830984702 0.0361569970418461 0.0356723452798354 0.0417297632469298 0.047453458124447 0.193950963901973 0.226717498177628 0.144413632303147 0.207918019596064 0.141588849806629 0.290991897533727 0.179442349082514 0.116853113395173 0.325531558890408 0.291500333880534 0.340753955770682 0.272108476770698 0.319208643858225 0.305091589182153 0.277288957866275 0.323496818512717 0.3038746252867 0.268066780666219 0.326958143858318 0.298073558020939 0.244661677970603 0.243262238249157 0.281410126309118 0.234623684444632 0.299842506423433 0.336178784173044 0.23524110668071 0.31147459858077 0.305840587335479 0.22908983113127 0.275216371478784 0.33169661414363 0.287713003934076 0.358173170573838 0.295820986967 0.266028026959027 0.31228636798523 0.347383588696875
"FIIIA1" 0.168089962593212 0.193359772858095 0.20061003233853 0.212475836324698 0.179879382757038 0.148965640916541 0.157894180516581 0.167290418236938 0.225986265049725 0.211608350585306 0.116421780555281 0.113318449632445 0.175871365252184 0.0705529311134186 0.0597932999305619 0.110033005786171 0.147428691165497 0.185049818973802 0.0926148616944111 0.12641720162165 0.0604669631868816 0.0489889544912847 0.0545075267845975 0 0.0951684224250739 0.0506465318414843 0.103698897409534 0.0819165719908448 0.0541715471443938 0.0487983240240157 0.080324389942704 0.261183653494462 0.199099539901743 0.130656014008012 0.292103701785144 0.102500254069728 0.298238651012107 0.203978114138972 0.0802041115071048 0.206157619562316 0.060290751032771 0.106156995008227 0.0596385855793462 0.0598290886823036 0.112854470008949 0.0688455574616553 0.0653043578939546 0.231241418888036 0.0651047107771494 0.0685045934229186 0.0697896405177486 0.0673326838237742 0.171935009197905 0.206426601323631 0.130792931424065 0.187493588525484 0.123500372424404 0.273872443370992 0.156234263768482 0.0935082892018317 0.306698749579335 0.270856318962669 0.320239585282417 0.252438772729573 0.299506558797172 0.2838472192494 0.253636501963595 0.304208317084398 0.284242385909889 0.248492542519273 0.307105484198735 0.278532006301393 0.226440216222649 0.225328867341507 0.261021702510216 0.214845427055522 0.279826295574677 0.315095268528606 0.216193984559705 0.29308420448035 0.285788203113283 0.211935083723743 0.258197126383032 0.312606366017746 0.266988283802102 0.339093505792 0.279845955936824 0.248050885985014 0.293322490375208 0.328386504397564
