"FIA001" "FIA1" "FIA10" "FIA100" "FIB1" "FIB10" "FIB100" "FIC01" "FIC1" "FIC100" "FIIA001" "FIIA01" "FIIA1" "FIIA100" "FIIB1" "FIIB10" "FIIB100" "FIIC01" "FIIC1" "FIIC10" "FIIC100" "FIIIA001" "FIIIA01" "FIIIA1" "FIIIA100" "FIIIB1" "FIIIB10" "FIIIB100" "FIIIC01" "FIIIC1" "FIIIC10" "SC93A01" "SC93A10" "SC93A20" "SC93B1" "SC93B40" "SC93C01" "SC93C1" "SC93C10" "SC93C50" "SC98A001" "SC98A01" "SC98A1" "SC98A10" "SC98A100" "SC98B1" "SC98B10" "SC98B100" "SC98C01" "SC98C1" "SC98C10" "SC98C100" "SCIA1" "SCIA10" "SCIA100" "SCIB1" "SCIB10" "SCIB100" "SCIC1" "SCIC100" "P72IA001" "P72IA01" "P72IA1" "P72IA10" "P72IA100" "P72IB1" "P72IB10" "P72IB100" "P72IC01" "P72IC1" "P72IC10" "P72IC100" "P72IIA001" "P72IIA01" "P72IIA1" "P72IIB10" "P72IIB100" "P72IIC01" "P72IIC10" "P72IIC100" "P72IIIA01" "P72IIIA1" "P72IIIA10" "P72IIIA100" "P72IIIB1" "P72IIIB100" "P72IIIC01" "P72IIIC1" "P72IIIC10" "P72IIIC100"
"FIA001" 0 0.0346543970922662 0.0291153013486227 0.0473741898817666 0.0266476410420076 0.0266947007004034 0.0297170235968841 0.0197359495097607 0.0518837298846212 0.0490708113814216 0.0425474039051561 0.0311207486074058 0.031428161035044 0.0516540616167965 0.0524604171141931 0.0414718313809087 0.0363722227148564 0.0471844251042112 0.061367938578728 0.0237817357652356 0.0527529513524398 0.0590896585069177 0.0641422142717494 0.0525205102957861 0.0339273288868096 0.0636398586035428 0.0422928265172113 0.0681124518778358 0.0620226736123742 0.0612922580077146 0.0602987936992246 0.0916139104003018 0.0581511311824147 0.0251363310690038 0.102406356569588 0.0292500098449946 0.112026416608173 0.0581713480982741 0.0455244602046447 0.0439686235277 0.0616567735543128 0.0657882836136074 0.0610942409334146 0.0594370200062431 0.042083135312083 0.065634758414417 0.0638834933468263 0.0466652447728327 0.0634631407815065 0.0660818375791909 0.0645882179926585 0.061145036379436 0.0323136398613328 0.0495133541380531 0.0391944828757063 0.0455190797862038 0.0242268503967294 0.0939073304920268 0.02520724846415 0.0281438826626534 0.106383967090529 0.0758708500981364 0.115498369108121 0.0683329592234036 0.101581737250722 0.0900120308617365 0.0658245975859288 0.103826738086101 0.0844975922418718 0.0670372331482776 0.109238663991861 0.0874590329872994 0.0472318702771219 0.0525472211814476 0.0739403564672308 0.064360850427065 0.0881902034118522 0.107108392259463 0.042655740840467 0.0926008267215088 0.0817579416793063 0.0440211575560274 0.0554623147430156 0.10145195594034 0.0728007598341607 0.130029160889318 0.0824876034856937 0.0561573848529785 0.0826255230820512 0.114402907289448
"FIA1" 0.0346543970922662 0 0.0273126321690758 0.0263360328310625 0.0164183621551954 0.0439041603411732 0.0346900467277146 0.0217256303037803 0.0399243255493392 0.0405726787475697 0.0660893672743742 0.0529254988043941 0.0480807781966471 0.0728627125788647 0.0734613528181729 0.0633801008250039 0.0453210525903292 0.043338749986418 0.0842809261148376 0.0381157545000077 0.0733292841216295 0.0773129814482573 0.0825005987285144 0.0711697642473665 0.0509056894223526 0.082780230359823 0.0621176985560875 0.0867691792601687 0.0803365400413849 0.0810089237373846 0.0730956753474965 0.0741199589614955 0.058121198875651 0.0424377648592331 0.0934816141052745 0.0457851784653901 0.0916439910383737 0.0506551843028943 0.0612930987790482 0.0419594777196852 0.0799057244541336 0.0764618074633211 0.0797074734796997 0.0774239768410537 0.0631357026478065 0.0842312347896239 0.0825907582996965 0.031460048001165 0.0827067953658999 0.0839210259692578 0.0833242021512469 0.0798351417599113 0.0331963751905522 0.0360854447574244 0.0419680537655668 0.0280286567016472 0.0414086723401661 0.0801053343230171 0.0449733800117898 0.046019035898106 0.0903475021717523 0.0621053407761457 0.0988482217804134 0.0538110485438963 0.0909732950267821 0.0766105867700218 0.05528620726023 0.0894017351105378 0.0682288118232372 0.0573672366520866 0.0981916751329478 0.0781001614775042 0.0541658283924758 0.0604664198442137 0.060902657070138 0.079292772383917 0.074784492038963 0.104279084084709 0.0388770011537621 0.0826589542960482 0.0678313581939034 0.0541293666770966 0.0481796425727755 0.0896469635573771 0.0637680595656432 0.117346245093358 0.067952135131902 0.0483694155408122 0.0599360438730803 0.0970033227484688
"FIA10" 0.0291153013486227 0.0273126321690758 0 0.0444410794894413 0.0302644333696775 0.0300617297166042 0.0286973991206821 0.0291793686712917 0.0551216495679386 0.051280686133526 0.057859334774798 0.0434170785659467 0.0441382079839422 0.0655939421739006 0.0626065563349506 0.0537008362092328 0.0392008197563151 0.0576331577732659 0.0728573903982424 0.0295393710188418 0.065740385096095 0.0656164904192533 0.0701088492506583 0.0620272685176896 0.043299376974179 0.0695831930205988 0.0527183109489836 0.0736893374726668 0.0685036089389261 0.0704650567598228 0.0607666842886831 0.0911797511609976 0.0735070805085962 0.0424815794461341 0.108452205462878 0.0418621816923563 0.106011342847967 0.0711949249996547 0.0529216842667277 0.053967631915194 0.0682487415234539 0.0668168153388451 0.0686360681325179 0.0666886680810866 0.0487923956458151 0.0716213766614396 0.0696748158002401 0.0384335690380385 0.070740662308385 0.0714354756262466 0.0703672591320989 0.0674429279673919 0.0469800062116057 0.0515261964283593 0.0520004337105946 0.047338373401468 0.0394906302576769 0.0968875592773474 0.040311708923623 0.0409590886888647 0.107620568324211 0.0767463704530025 0.116110785772464 0.0713996466473677 0.107538677123358 0.0928589874651735 0.0678217289608398 0.106641400726359 0.0857877505644652 0.0674370442794214 0.114903240456765 0.094896557764712 0.0526539671519171 0.0595123254472987 0.0774980699745924 0.0720402150251844 0.0909901255142257 0.115311224943146 0.0474724565838677 0.0988180779094547 0.0841327402882353 0.0474967432950057 0.0550295692322058 0.105224007633877 0.0799009204065508 0.132446609335171 0.0819396005968235 0.0594204600661691 0.0777823159943218 0.113201211422642
"FIA100" 0.0473741898817666 0.0263360328310625 0.0444410794894413 0 0.0310580490331071 0.0569006037151888 0.044526764193773 0.0376121661516497 0.0383453850228562 0.0402364543526254 0.075236265528597 0.0619346204751549 0.0512492466441426 0.0849283259746213 0.0829455309966755 0.0726499582593009 0.0519379647595015 0.0408528540796805 0.0940612665716815 0.0475998011257338 0.0872422131942072 0.0907594701753295 0.0960782799444407 0.0841010995616703 0.0630044993678807 0.0957709241501345 0.0693970994511056 0.100723972570824 0.0946651103124371 0.0959198749465674 0.0859267916133238 0.0694813892534643 0.0543691600911348 0.0514556669865225 0.0903684070122537 0.0581546242278334 0.0853374472017508 0.0446408366118246 0.0739229903449856 0.039670173100392 0.0931393093313836 0.0842626920923403 0.0935902801931513 0.0916290748628448 0.0743700217056531 0.0980060491235318 0.0961681086103439 0.0316968348202969 0.0961797160971396 0.0979140968636792 0.0963274881350951 0.0927361479483466 0.0393187155909545 0.028315106202144 0.0486408367733925 0.0240678334420933 0.0545896019270024 0.0754080644379154 0.0560838961009149 0.0562387778801183 0.078106405187411 0.0494319743397428 0.0850007288984497 0.0436196436158245 0.0795861726650228 0.0658327757251668 0.0464958791618795 0.0799065236080073 0.0566348463760822 0.0498809418015868 0.0878219154270617 0.0671839752176439 0.0555545780485793 0.0648104893428251 0.0523279364202524 0.0814128920857779 0.0644292813212289 0.0953700832948659 0.0402924822716874 0.0712560868397668 0.0578560246583795 0.0575463221791989 0.047147949806346 0.0800310136990982 0.0535643262507848 0.109719347608273 0.0603816321888326 0.0400526404509171 0.0470851762329462 0.0829945342983033
"FIB1" 0.0266476410420076 0.0164183621551954 0.0302644333696775 0.0310580490331071 0 0.0409424672329604 0.040775883283837 0.0197610632953321 0.0401441612930936 0.0344385367854367 0.0583389664962396 0.045085008448076 0.042068858900097 0.0668497463140666 0.0674747376556485 0.0562345816417386 0.0502038352316146 0.0368546096777216 0.0779734175418172 0.0343927079075363 0.0695864581689962 0.0722332362762721 0.0774516288157327 0.0654977086209809 0.0464035857818342 0.0772752831456663 0.0555437203379772 0.081283317889301 0.0749401500848894 0.0773164293781169 0.0738757881454253 0.0799221835404007 0.0506431820197155 0.0354844930102814 0.0922472316540565 0.0419017911963768 0.0980393442933134 0.0476861901266944 0.0573945669161981 0.0409178211510747 0.0742708218028892 0.0802455630353851 0.0741976723964287 0.0715368603946138 0.055964144980088 0.0789192578542603 0.0769034176532416 0.0384002203237749 0.0773638179113585 0.0787672716981093 0.0779810080659574 0.0743992081195478 0.0270073569643918 0.0390813463788686 0.0325825721413493 0.0357183310784776 0.0383462848833313 0.0795970914938529 0.037690177428384 0.0397526590180186 0.0929897237239169 0.0642277472808178 0.102393455711717 0.0547220036057244 0.0879147446772244 0.0757310763579366 0.0544488049828196 0.0909865620799804 0.0709023941774276 0.0552101006175929 0.0949820538166483 0.0739101539990224 0.057509957037653 0.0624567712193218 0.0613924730875161 0.0772655422198429 0.0738766012633218 0.0949672812055808 0.0368182941567663 0.0790727378906367 0.0677393128665721 0.0502615091690369 0.044427445500541 0.0863356754360089 0.0587735329383612 0.112431441593552 0.0684395037410212 0.0446355340572687 0.0653042700788482 0.0994698184481142
"FIB10" 0.0266947007004034 0.0439041603411732 0.0300617297166042 0.0569006037151888 0.0409424672329604 0 0.0291884497774289 0.0321981581752576 0.0654173027387821 0.0591618576181065 0.0327539551601006 0.0241552033471647 0.0378966248180294 0.042750218613774 0.0395703221302594 0.0307115000631059 0.0235074842221882 0.0602570893933719 0.0502170388900018 0.0262374103630701 0.0437953248208946 0.0458310302362808 0.0505120704781994 0.0398480933505612 0.0211789486992176 0.0497090333925429 0.0294532185126386 0.0542295227383089 0.0488602955158205 0.0496805177068844 0.0427473106883194 0.10236971958897 0.075603214169863 0.0411083199646852 0.116345062146364 0.0328593059721781 0.120449089319121 0.07549866420968 0.0299568100143708 0.0604157706550305 0.0483688270681479 0.0492734186021254 0.0473012633450556 0.0455431675207348 0.0270634341782855 0.0522429556571818 0.0502480477718538 0.0530660272986323 0.0497695179326051 0.05235158854963 0.0508979458839645 0.0480711541159705 0.0501594927231545 0.0588263292931516 0.0532866715755268 0.0542874317207583 0.0373767271790318 0.106975469301781 0.0340507120780763 0.0300717066459138 0.119097725816546 0.0883278320358887 0.128118867289858 0.081529339254737 0.115664757429418 0.101900087151931 0.077645132378745 0.117044770619806 0.0965381087048121 0.0749301202235264 0.122346431908258 0.102893041860945 0.0556788077463193 0.056915096315443 0.0876595919622453 0.0600176383348375 0.0995443129668568 0.12246951632493 0.0549541834600695 0.107350244226411 0.0936238913978682 0.0389868063124333 0.0644459173183561 0.114469029058819 0.0886812704845643 0.1440442169251 0.0928189809794564 0.0686164309291696 0.0931725185367457 0.126559738624276
"FIB100" 0.0297170235968841 0.0346900467277146 0.0286973991206821 0.044526764193773 0.040775883283837 0.0291884497774289 0 0.0291786906607179 0.0604618049538149 0.0579965882642251 0.0495910337765777 0.036189960528721 0.0438615654624055 0.0587394833634756 0.0556633041719387 0.0471659970019704 0.0238614001717435 0.0605559601987629 0.0653840841231441 0.0242693602381138 0.0577854393631483 0.0577700987974117 0.0628005634036348 0.0538222585972052 0.0334656935121273 0.0629405154116294 0.0461404475882891 0.0665713383156404 0.0614457550626943 0.0620613775564757 0.0541964213157554 0.0944227978175262 0.0741684302942697 0.0393241075179177 0.113980326111109 0.0321236380531086 0.111906064831022 0.0713437084854885 0.0442594252378557 0.0576039670688006 0.0605541874509178 0.0483171239540573 0.0611304249599812 0.0593422040559284 0.0472820203727674 0.0640425890553402 0.0624641319349304 0.0486202267282365 0.0634595753236508 0.0639811814831764 0.064026792349795 0.0606448489057083 0.0485906052300089 0.0437865539358496 0.0521665730628994 0.0403341389659376 0.0352713480756629 0.103715600020298 0.0383330555612108 0.0299103457096674 0.112506207432929 0.0789412735151128 0.1183708941937 0.0768506491624762 0.114341774936864 0.0998949474297871 0.0721042401736339 0.112984203292247 0.0882508177595055 0.0750615158678955 0.122062121181256 0.101491282951792 0.0489116845201669 0.0573514597434168 0.083781138521077 0.0641535171169822 0.098208981008441 0.123777040852518 0.0532318949975622 0.106103532362787 0.0918650677904014 0.0508072445523744 0.0645446884827976 0.112703658962469 0.0873422652454398 0.144212882826484 0.0889983424179785 0.0664948425503074 0.0758599214494342 0.115543962716324
"FIC01" 0.0197359495097607 0.0217256303037803 0.0291793686712917 0.0376121661516497 0.0197610632953321 0.0321981581752576 0.0291786906607179 0 0.0444903130263503 0.0384970956008219 0.0507493232276776 0.0377267854842433 0.0388196823730834 0.0579472636845112 0.0578340323889306 0.0491494896310592 0.0392798829725874 0.0395747137797265 0.0683789302611867 0.0248340164757328 0.0554863224389266 0.0623185687017176 0.0674099612428653 0.0569965064970974 0.0356901557186861 0.0670507129029079 0.0474288833948988 0.0712497445533112 0.065488202469576 0.0646018790416136 0.0624283550098123 0.0785830399866997 0.0522380759625146 0.0260411010374976 0.0950617343366406 0.0311402431853803 0.0990182378735339 0.0510656308591355 0.0476678217454147 0.0409140219037303 0.0644470637985633 0.0682272957635066 0.0641212880536378 0.0623078725835804 0.0479750081064729 0.0689607026874732 0.0670658955708136 0.0347420172375803 0.0670411766448085 0.0688468243553889 0.0678843829430892 0.0643067100106458 0.0256363918180798 0.0377257766190479 0.0334340790117523 0.0311841535733978 0.0261893982306151 0.0873976066102378 0.029222406459502 0.0327530954026421 0.0987716417027028 0.0694814949788341 0.108297072750988 0.0610319799399573 0.0945125516220785 0.0814937741232505 0.0594762983478576 0.0966512757793621 0.0768182522217706 0.0589922403232081 0.1019654577616 0.0806659157495712 0.0531709039440534 0.0588719254960431 0.0670516989674438 0.0746770557256735 0.0791588897264575 0.102688938712235 0.0373094505288973 0.0855613979962825 0.0734813347194601 0.0469891032202735 0.0491370829073994 0.0927919474733565 0.0670005540565203 0.123491794727842 0.0695762999683189 0.0493610511078083 0.0723894582668747 0.106024677753188
"FIC1" 0.0518837298846212 0.0399243255493392 0.0551216495679386 0.0383453850228562 0.0401441612930936 0.0654173027387821 0.0604618049538149 0.0444903130263503 0 0.0241985803022478 0.0835320505791226 0.0714016684894842 0.0598310140030372 0.0903804759745589 0.0919096006841126 0.0831384637786693 0.0694512729645867 0.0489397075343658 0.10104114314341 0.0589560538630837 0.0926907709827302 0.0973375327807392 0.102399364981772 0.0907808266290412 0.0716694232808316 0.102359109192266 0.0811047122233545 0.106340870325865 0.100126318510592 0.100452298851861 0.0939893272329207 0.0516693776707071 0.031406024802375 0.0576660630718161 0.0672855814743577 0.0669115543775119 0.0683035960932094 0.0247958935565173 0.0817324802685556 0.0370743808334249 0.0995638966366193 0.0995441084655066 0.0995674829632372 0.0975434843675064 0.0821166493533003 0.103869378870756 0.101987092245116 0.0378583589900213 0.102462659247334 0.103974304380287 0.103522722298606 0.0999710567375673 0.0510156316867674 0.0335100760246101 0.0583891434814759 0.0400738924145877 0.0622363553351709 0.0582624198901175 0.0641576822143971 0.0663813475167612 0.0661737543480441 0.0378623785328173 0.075560344346318 0.0338510009012311 0.0651440806363507 0.0520176472780948 0.0346108878910081 0.0643556831731606 0.0438939801609196 0.0285843081834015 0.0727839510790059 0.0525965291331356 0.07549704551814 0.0822821085128689 0.0516966429107894 0.0949136726882309 0.0519341741162565 0.0752388401419248 0.0576949663493508 0.057025995681442 0.0431180258848375 0.0665972606914549 0.0526868390723309 0.0652548123794219 0.0451919687245285 0.0975847017405018 0.0475594378588721 0.0388944745260011 0.0427384730707381 0.0722209414707238
"FIC100" 0.0490708113814216 0.0405726787475697 0.051280686133526 0.0402364543526254 0.0344385367854367 0.0591618576181065 0.0579965882642251 0.0384970956008219 0.0241985803022478 0 0.0773317407091095 0.0629979852290087 0.0622418369146376 0.0856728802879895 0.0831319459368059 0.0754218144028938 0.0661496669933146 0.0407114016268095 0.0945126163786188 0.0517895361446835 0.0855379258874993 0.0879521567758351 0.0929020211069227 0.081982656979376 0.0635668126217867 0.0930048380512435 0.0720485927291933 0.0972987545024623 0.090775316136943 0.0925494090334486 0.0894973977206572 0.0582342698815762 0.0372893696714452 0.0574098829890119 0.0779289947142049 0.0606686662585145 0.0762964790937359 0.0331329334523718 0.0753309688519423 0.0425463762047236 0.090715199945916 0.0963418206541701 0.0910670325797576 0.0884635143542022 0.0743757175312777 0.0949516146922398 0.093126078486709 0.0373828095228398 0.0935964752598821 0.0947094397635797 0.0935769937582571 0.0906519279936628 0.0450085650623946 0.0337915022015008 0.0526336327548116 0.0393160180328799 0.0576761856437233 0.0653252398754166 0.0591557505426081 0.0606519247605423 0.076994760750792 0.0513269247441416 0.0865971545431388 0.0395788902424418 0.0717892646585162 0.0583922344856719 0.0431843727704432 0.0755943198251193 0.0580060765061505 0.0401441083306927 0.0792885303223582 0.0579616954872621 0.0797177956315649 0.0850478535947469 0.0558164938915023 0.0994656822735425 0.056948700305868 0.0832150280220153 0.0558984764678508 0.0622672389132204 0.0524789448436868 0.0658032156711048 0.0590752180147573 0.0678671049386341 0.0443678785730122 0.0981695735337057 0.0470824517707197 0.0402812940833266 0.0511102132452202 0.0830778240658933
"FIIA001" 0.0425474039051561 0.0660893672743742 0.057859334774798 0.075236265528597 0.0583389664962396 0.0327539551601006 0.0495910337765777 0.0507493232276776 0.0835320505791226 0.0773317407091095 0 0.0216055724606119 0.0488663730986768 0.0365319770874145 0.0312603783815208 0.0192514419871901 0.0372158461695436 0.0626460991547878 0.0337951058950308 0.0358851867703228 0.0388967046838714 0.0402874686322451 0.0456316366045303 0.0356858475194179 0.0288040918718856 0.0452553014893087 0.0236800893142544 0.0507255193790128 0.0450595173747569 0.0450106158541422 0.0461657357213112 0.120643263401166 0.0826426993911505 0.0442712464186202 0.131603838708628 0.038330932745617 0.140156929826162 0.0864878463501254 0.0328306237505017 0.0737520518065366 0.0443641817195402 0.0494649850630051 0.0430826421824481 0.0416809005366642 0.0287811503855235 0.0477778422812759 0.0465875366517806 0.076417101768023 0.0459623049146776 0.0480553323992282 0.0460608765471933 0.0430161112025671 0.0584746546830416 0.0756637644491342 0.0564380506770196 0.0705809657059163 0.0436424641023805 0.121958773748423 0.0446865655155901 0.0354009729206511 0.13157143116228 0.102145711026039 0.142732467394801 0.0941778707581576 0.124892912615221 0.115210909045941 0.0910899202193689 0.128443909711576 0.108550461146182 0.091312219106312 0.135783124658662 0.112235400553786 0.0662029904438481 0.0662000398002248 0.0970752141145152 0.0607056189776227 0.114691331514714 0.131782255163978 0.0675103119596592 0.116742889619299 0.107818933899239 0.0512697721000539 0.0791185407669067 0.127107435484 0.100049250743503 0.155600833854532 0.108687696151324 0.0811893050823822 0.11009849946637 0.141877566495708
"FIIA01" 0.0311207486074058 0.0529254988043941 0.0434170785659467 0.0619346204751549 0.045085008448076 0.0241552033471647 0.036189960528721 0.0377267854842433 0.0714016684894842 0.0629979852290087 0.0216055724606119 0 0.0382815920314635 0.0386703373680287 0.0310512292018632 0.0242734163597558 0.026562129096751 0.0499320902807815 0.0411426211940722 0.0211922808635634 0.0394238410067067 0.0393094919993918 0.0446032380276082 0.0347792758234429 0.0200363890404292 0.0444019040897651 0.0222075094954506 0.0492697909093474 0.0434027138388529 0.045337085844128 0.0439028475942642 0.107612315262646 0.0707139113488259 0.0320702148205079 0.11961205005086 0.0254799123074227 0.126412924183503 0.0737061855600335 0.029625858934355 0.0631014187955405 0.0429051421176806 0.0495299039313844 0.0421806357512944 0.0409675004598464 0.02575101949659 0.0466098899159153 0.0449100357791838 0.0642791997780957 0.0446774341405777 0.0466990784175918 0.0456678064967425 0.0421963771610848 0.0467851329376848 0.0634792118940068 0.0442147652259985 0.0570089576630234 0.0311563386922319 0.110706787569654 0.0338513479774347 0.0219104465155639 0.119091535129047 0.0901904005564376 0.130291527294997 0.0814384733839502 0.113443501223451 0.102223776790372 0.0790192922791322 0.11728235108284 0.0983105203914647 0.0777510120659975 0.123104681941191 0.0997443844980874 0.0546406403069497 0.05493525584048 0.0858095818707698 0.0606088701015754 0.10128912611489 0.121052786470104 0.0543378187163609 0.103585946705525 0.0959419018104656 0.0400403826930959 0.066364777608538 0.11285357715802 0.0871864432724848 0.143594578105938 0.0948844135192209 0.0684055724489952 0.0963987293653728 0.128621319542047
"FIIA1" 0.031428161035044 0.0480807781966471 0.0441382079839422 0.0512492466441426 0.042068858900097 0.0378966248180294 0.0438615654624055 0.0388196823730834 0.0598310140030372 0.0622418369146376 0.0488663730986768 0.0382815920314635 0 0.0614615246198207 0.05842022546117 0.0487283998930398 0.0451546109907802 0.047726697861467 0.0672114836792767 0.0323382957258895 0.0643972062187273 0.0649356797571153 0.0707602307178433 0.0605057845220489 0.0408712717266609 0.0709893457133528 0.0476603198449052 0.0745754534039116 0.0690818872284009 0.0717992055708327 0.0647250497223998 0.0990075879244909 0.0635208102175372 0.0351553535266058 0.107699443307073 0.0413469269900262 0.116498954013647 0.0655884009687197 0.0500205022809899 0.0476510672885925 0.0677337052957514 0.071044211379479 0.0676712738099361 0.0664841035671827 0.0507443270652986 0.0720247043862451 0.0699357814039918 0.057296167344734 0.0704514184040351 0.0724993234705771 0.0709564901175433 0.0677178636465845 0.0426427694989383 0.0566885254384109 0.0431848596059794 0.0539692673247839 0.0416717449527512 0.0956889917305848 0.0317021127183113 0.0375141529030926 0.0948446208732561 0.0645674377864629 0.107068593824639 0.0619434839459626 0.0901712510661613 0.0830903100745275 0.054353535961243 0.0895761069396712 0.0724436761686027 0.0612523399815424 0.106877762885448 0.0809197014627573 0.0344449869864819 0.039915262134622 0.0610746958390853 0.0511970663267249 0.0849073300294384 0.0996464450917183 0.0391240028039749 0.0847339798983327 0.0735366551803251 0.0371185384974466 0.0497757815379535 0.102745105353263 0.0748214730163999 0.128303858175377 0.0855301702361447 0.0501829151790716 0.0813048787317674 0.112066489996765
"FIIA100" 0.0516540616167965 0.0728627125788647 0.0655939421739006 0.0849283259746213 0.0668497463140666 0.042750218613774 0.0587394833634756 0.0579472636845112 0.0903804759745589 0.0856728802879895 0.0365319770874145 0.0386703373680287 0.0614615246198207 0 0.0166981958143495 0.0326966914040259 0.0478134471993692 0.0794566077502577 0.0306595810674121 0.0457074964302743 0.0117886972614061 0.0160512139123819 0.0177779588316595 0.0148394583285842 0.0357873748145108 0.0162965527281857 0.0311861506620517 0.0237220763740631 0.0177411824691985 0.0154257499548723 0.0279528851520308 0.1284291799305 0.0890778013938002 0.0496332151031471 0.13941345734622 0.0381360700393707 0.147498994488342 0.0948150952750186 0.0299840497057597 0.0834844900835084 0.016715726114541 0.0338991337680474 0.0144583553538955 0.0149764444549698 0.0281005213058648 0.0190055432386269 0.0173047778870801 0.0841002957561967 0.0180136230671626 0.0190587140084115 0.0178323138725737 0.0165345749971807 0.0677297378086672 0.0840582664075066 0.0585770915964322 0.0772592607510324 0.04635572978727 0.132712045934069 0.0557969045241855 0.0406194889866452 0.144042397481246 0.114734722014968 0.153636691925699 0.105861788149557 0.138165974951146 0.125887421932402 0.103481668758221 0.140946392450793 0.122250035232881 0.100316729536614 0.146640049749709 0.124326773870329 0.0792330324789152 0.0794008402920125 0.109358939034143 0.0718267723299836 0.12493256661406 0.143325740863495 0.0777978258989102 0.127845637345078 0.119208037316497 0.0618307532526419 0.0892584061029272 0.13534769286857 0.110082268528132 0.166751166535091 0.118323260702222 0.0921001903795899 0.118343997639972 0.15071233983214
"FIIB1" 0.0524604171141931 0.0734613528181729 0.0626065563349506 0.0829455309966755 0.0674747376556485 0.0395703221302594 0.0556633041719387 0.0578340323889306 0.0919096006841126 0.0831319459368059 0.0312603783815208 0.0310512292018632 0.05842022546117 0.0166981958143495 0 0.0288526032200105 0.0452691260719293 0.0757865534677812 0.0254193813017312 0.0416598023392553 0.0159479405472873 0.013912928029881 0.0193903351116439 0.0118797478988247 0.0302653941000222 0.0191555882931215 0.0237276560466116 0.0241598224680735 0.0184473247453811 0.0200447176711954 0.0258569497052809 0.12527472971591 0.0903541606611389 0.0505500752775177 0.141870267321176 0.0393292234944415 0.144561729950863 0.0943816250198669 0.0264994943886384 0.0852324406604915 0.0183705212697453 0.031550732215123 0.0169035862204018 0.0171232091043728 0.0257132960801953 0.0216052051989397 0.0196842006780953 0.083012252921407 0.0197953750624777 0.0218198354378084 0.0209538969279884 0.0180618907737942 0.0692454021840715 0.0859891702377085 0.0602123858994347 0.0793103031119988 0.047875491025314 0.13341898374099 0.0572708253977057 0.0386081031389047 0.141555059922316 0.112224304744022 0.15227556810564 0.103347179939664 0.135282040690392 0.123114477669794 0.101163828161811 0.139571460130932 0.120317355124832 0.0977253679723015 0.143518518338251 0.121237904024069 0.0766728656787714 0.0773830288123881 0.107996178772942 0.0702258474620087 0.122387313422177 0.141760659450174 0.0747198709862857 0.12457280288448 0.116733497475635 0.0570521683400164 0.0860913898975398 0.131704892004417 0.108056126002627 0.165169774363893 0.11268769407567 0.0893022669659674 0.116935413723576 0.149350796509176
"FIIB10" 0.0414718313809087 0.0633801008250039 0.0537008362092328 0.0726499582593009 0.0562345816417386 0.0307115000631059 0.0471659970019704 0.0491494896310592 0.0831384637786693 0.0754218144028938 0.0192514419871901 0.0242734163597558 0.0487283998930398 0.0326966914040259 0.0288526032200105 0 0.0353270899452219 0.0627701109798904 0.0315182970856248 0.0334098959757182 0.034434089204554 0.0345055662893593 0.0396933626757333 0.0300727418485987 0.0251984840129313 0.0381651059868566 0.0223332525444691 0.0429362594149388 0.0377222999890263 0.0393260533170102 0.0369769140951864 0.119266849965547 0.0835279424428954 0.0463578457637221 0.130854451731691 0.0387514885336807 0.138141623156899 0.0865576842486846 0.0270157874321256 0.073729499333591 0.0370752249357821 0.0411887654930604 0.0362856745115666 0.0354882053689129 0.0244910046038994 0.0407580042660426 0.0387917369888228 0.0762916036727094 0.0385241287690938 0.0406910787139214 0.0391017925735516 0.0356781731418152 0.0586557369956451 0.0747768932306618 0.0567338131447919 0.0683101095534204 0.0451619079821619 0.119215507636759 0.0436622036482095 0.0350138901231432 0.132023347798404 0.101356656744711 0.141705045408935 0.0952181591798244 0.125874547491511 0.11589925429539 0.0915534637542334 0.129378005668279 0.109476204562522 0.0902344183167927 0.136820458777632 0.114304542378701 0.0658458678692726 0.0669244524954688 0.0987515045117638 0.0602011545532538 0.115355354260648 0.132081085558621 0.0677317470207072 0.118340194334121 0.107140084707083 0.051009081873297 0.0782939250186065 0.125403251648919 0.0990106951145835 0.153796269415618 0.107054713594643 0.0806742613381854 0.107676161487473 0.139975969386899
"FIIB100" 0.0363722227148564 0.0453210525903292 0.0392008197563151 0.0519379647595015 0.0502038352316146 0.0235074842221882 0.0238614001717435 0.0392798829725874 0.0694512729645867 0.0661496669933146 0.0372158461695436 0.026562129096751 0.0451546109907802 0.0478134471993692 0.0452691260719293 0.0353270899452219 0 0.0625434843568106 0.0553407635468713 0.0282321755425958 0.0478365548332601 0.0509400566739896 0.0562274749755491 0.0460310546600008 0.0290245719972383 0.0552198621569143 0.0361948241429315 0.0602674459166317 0.055197155927676 0.0544253272314036 0.0468764670018075 0.107373845654903 0.0801753964182994 0.0445354950282847 0.123293996119193 0.0361145374462522 0.124776943069398 0.0821762875174903 0.0363994655622182 0.0646791380313313 0.0537171812844384 0.039239159026279 0.0533518650094003 0.0529319095325049 0.0371552038758532 0.057767354075169 0.0561482803991048 0.0614314236118335 0.0555658049564586 0.0576554230385614 0.0559002404431599 0.0528807797708629 0.0533240680047068 0.0531116466763539 0.0580100204432339 0.0474029534139462 0.0415882218076092 0.111681942260504 0.0403088704984445 0.0347288509734908 0.121971008947853 0.0893341060291391 0.128533885445827 0.0870886253881936 0.123782230665218 0.11009791404185 0.0814414271606208 0.122330245020789 0.0987780943439904 0.0825564745364702 0.132517872877833 0.111660919742687 0.055655428087735 0.0594180741681844 0.0931799323560342 0.0602816330012083 0.108001339458334 0.132398877523037 0.0623240171015016 0.115086285581763 0.10051893377154 0.0439828489505009 0.0683477218538279 0.121508879585044 0.0953754106049788 0.150659277835327 0.0994660684508545 0.0747682572352829 0.0855694834962738 0.125297487745975
"FIIC01" 0.0471844251042112 0.043338749986418 0.0576331577732659 0.0408528540796805 0.0368546096777216 0.0602570893933719 0.0605559601987629 0.0395747137797265 0.0489397075343658 0.0407114016268095 0.0626460991547878 0.0499320902807815 0.047726697861467 0.0794566077502577 0.0757865534677812 0.0627701109798904 0.0625434843568106 0 0.0837245110883265 0.0453096497058562 0.0805670357140567 0.0816557242490946 0.0872653709330452 0.0769085612241483 0.0600749599228766 0.0866958812939731 0.0650171397582311 0.0913360830332405 0.0853940933434775 0.0874367622435229 0.0844199573338445 0.0819043071881689 0.0440949818676599 0.0439533132636855 0.0892891122513686 0.0523390515714085 0.100373117303741 0.0455042839905697 0.0681417949949184 0.0376812844351991 0.0847671968020005 0.089320424811426 0.0839741293716899 0.0825028397823685 0.0655169403199063 0.08874853968356 0.0872201028343705 0.044366472997358 0.0863530187592048 0.088539431658806 0.0866937000446471 0.0832851481707068 0.0319308643261879 0.0409475075256507 0.0344930958726873 0.0382268391802092 0.0484466421323794 0.0716463309294062 0.0423910229755588 0.0503892140819845 0.0862094598929458 0.0596666848523106 0.0978169643908134 0.0516597958718934 0.0779085781561556 0.0736716587043058 0.0524549813855058 0.081219134670703 0.062967237848496 0.0587734433258988 0.0940665255740426 0.0685942374791051 0.0636636926346926 0.0672060573496805 0.0507047817009328 0.0847960973243028 0.0742229861163719 0.0881807318239895 0.048400521697118 0.0721465159107664 0.0648026322646957 0.0641721417811238 0.0573701821122749 0.0867603923429092 0.0583358580922336 0.106132866944608 0.069767756544375 0.0445049343987888 0.069145568450001 0.099696579061157
"FIIC1" 0.061367938578728 0.0842809261148376 0.0728573903982424 0.0940612665716815 0.0779734175418172 0.0502170388900018 0.0653840841231441 0.0683789302611867 0.10104114314341 0.0945126163786188 0.0337951058950308 0.0411426211940722 0.0672114836792767 0.0306595810674121 0.0254193813017312 0.0315182970856248 0.0553407635468713 0.0837245110883265 0 0.0535588980361927 0.0317452257066659 0.0293893890534238 0.0310618141766848 0.0297659100655044 0.0409664237059181 0.0305357079975541 0.0339416399060739 0.0360286840316388 0.0311523277631485 0.0308244047982641 0.0411965971421847 0.135247374747714 0.0978654684431447 0.057632254816332 0.150526571515395 0.0481810735197102 0.154279597762142 0.102787064058863 0.0390985801182877 0.0928332742200337 0.0313876076022732 0.0481694634385739 0.0312813794909145 0.0331841412673018 0.0361198908188932 0.0336043130744789 0.0329271662571671 0.094338686659022 0.0320174797798355 0.0341975777023209 0.0337991423457841 0.0322329574861508 0.078012739991504 0.0962743792315563 0.0669993935326805 0.0896334585333802 0.0561800070217158 0.140485708436912 0.0642977353355507 0.0482847611259676 0.151406843986679 0.122199246944829 0.162304404767228 0.114421001171478 0.144016014097528 0.134788608819356 0.110509031139587 0.146598361820827 0.129309123800611 0.108974637302534 0.155368475172823 0.131675976823653 0.0858317506059462 0.0836319670671307 0.114899507459056 0.0758323527568854 0.134919988605076 0.148438152884736 0.0863628726693985 0.135093423137654 0.127352306954505 0.0684929943087805 0.0980611591946143 0.143582556810221 0.119344851153024 0.172937312332001 0.125048395059035 0.100703069164784 0.128390435480372 0.160665444403492
"FIIC10" 0.0237817357652356 0.0381157545000077 0.0295393710188418 0.0475998011257338 0.0343927079075363 0.0262374103630701 0.0242693602381138 0.0248340164757328 0.0589560538630837 0.0517895361446835 0.0358851867703228 0.0211922808635634 0.0323382957258895 0.0457074964302743 0.0416598023392553 0.0334098959757182 0.0282321755425958 0.0453096497058562 0.0535588980361927 0 0.0463394442001242 0.0476337712502164 0.0527079443901102 0.0421009691409449 0.0258062075273071 0.052399569704466 0.031699823558539 0.0565745165019042 0.0512839159669505 0.0535671285505125 0.0490986963272686 0.0922239543315912 0.062081330189069 0.0251345357218123 0.107074056424265 0.0202534690677712 0.111490279284012 0.0633472556081892 0.0326514394053425 0.0517363395259763 0.0504474215988434 0.0534357609748682 0.0496709567334056 0.0482955582590546 0.0346889017637586 0.0539784802846719 0.0524377055766867 0.0496439356750388 0.0531223424241948 0.0541303511531954 0.0527226287993716 0.0497505856048263 0.0391582685399063 0.0490229911347861 0.0372032821508122 0.0430493940466635 0.0227362906289364 0.0981889173428001 0.0251439039033006 0.0182132411429345 0.108403243523454 0.0785697549021812 0.117729756540976 0.0705693113004141 0.103743508715642 0.0911222601830001 0.0689287034833061 0.106234714654468 0.0865608792543044 0.0671704037437162 0.112360445979568 0.091065498572651 0.0469578200570952 0.0532455830912008 0.075703051206317 0.0647143311448194 0.0899106276876053 0.111852179628057 0.0441020991655902 0.0943759050545632 0.0836004380253882 0.0404175674269462 0.055546622768783 0.101677152781659 0.0775341472737759 0.132818153892949 0.0818006167146496 0.0568126690640611 0.0813650529530594 0.114737560160378
"FIIC100" 0.0527529513524398 0.0733292841216295 0.065740385096095 0.0872422131942072 0.0695864581689962 0.0437953248208946 0.0577854393631483 0.0554863224389266 0.0926907709827302 0.0855379258874993 0.0388967046838714 0.0394238410067067 0.0643972062187273 0.0117886972614061 0.0159479405472873 0.034434089204554 0.0478365548332601 0.0805670357140567 0.0317452257066659 0.0463394442001242 0 0.0146988773187303 0.0184464103135409 0.0132453800175904 0.0335584332719305 0.0165575793272485 0.0309890464286633 0.0245397375609552 0.0187166742093407 0.0153275586480955 0.0297076228629107 0.124939580035786 0.0888232682768289 0.0478540666720087 0.140641071446133 0.0365152957333681 0.145761091597597 0.0932995028263804 0.0303922455534087 0.0818452048750079 0.0156434963417503 0.0349219749985638 0.014167020010497 0.0135584270223919 0.0297296648325838 0.0186193399175364 0.0183157498814805 0.0836072792340392 0.0173590310067332 0.0184265487671574 0.0171466570363914 0.0146138914210924 0.0687562805186982 0.0870370080627202 0.0593220253183608 0.0785609133227492 0.0420129944471049 0.13604402955027 0.0579747921719358 0.0411255816153357 0.146584868938294 0.117820567212264 0.157225691511408 0.108815222081361 0.13979444909817 0.128266052894853 0.106112251490508 0.143999572006915 0.125530608525606 0.102565757924008 0.14928754555377 0.12596849411224 0.0812819598737965 0.0815884749160174 0.112293809785463 0.0748103166076682 0.128031531278071 0.146150637268906 0.0798332435720425 0.12893586042355 0.122481753765972 0.0621785633439351 0.0918385266894109 0.136255594982405 0.113525192982309 0.169494493615771 0.117933521132034 0.0950264345434713 0.121170763594808 0.154139647687215
"FIIIA001" 0.0590896585069177 0.0773129814482573 0.0656164904192533 0.0907594701753295 0.0722332362762721 0.0458310302362808 0.0577700987974117 0.0623185687017176 0.0973375327807392 0.0879521567758351 0.0402874686322451 0.0393094919993918 0.0649356797571153 0.0160512139123819 0.013912928029881 0.0345055662893593 0.0509400566739896 0.0816557242490946 0.0293893890534238 0.0476337712502164 0.0146988773187303 0 0.0086788678122732 0.011743286931895 0.0337819599198072 0.00984791291952423 0.032793673796753 0.0146636762955024 0.00952251834203466 0.0114789034911193 0.0228129491136135 0.129644952080369 0.0948120970522891 0.0543458428694814 0.146470190373181 0.0406379565295228 0.148689040889891 0.0990882365205715 0.0282748145126375 0.0894941069829785 0.00914356191628773 0.0313470742509059 0.00930476547111926 0.0102178199986521 0.0286685476173474 0.0113630231225562 0.00983093011955393 0.0874938255498343 0.0106982383118646 0.0115261114517827 0.0110422717269501 0.00889103766785824 0.0729789003382398 0.0905246897152994 0.0607710241418908 0.0829359142861275 0.0502026871916992 0.13846875392836 0.0621128025179652 0.0418244468244587 0.148255441701038 0.118903113373341 0.159194107509398 0.109774329906261 0.141463041324572 0.130171609601657 0.107151447156987 0.145861189243906 0.126926060192455 0.1037711359247 0.151079908370752 0.127898629723782 0.0826546298079596 0.0828005861072776 0.114112701228722 0.0761350129623737 0.129736646362664 0.147936867941322 0.0814828825914523 0.131066751859515 0.124133233442657 0.0632073032712427 0.0928458938373664 0.138098619754401 0.11499472609209 0.17098834204773 0.118889753517358 0.0960184063540823 0.122616239178301 0.156371091842942
"FIIIA01" 0.0641422142717494 0.0825005987285144 0.0701088492506583 0.0960782799444407 0.0774516288157327 0.0505120704781994 0.0628005634036348 0.0674099612428653 0.102399364981772 0.0929020211069227 0.0456316366045303 0.0446032380276082 0.0707602307178433 0.0177779588316595 0.0193903351116439 0.0396933626757333 0.0562274749755491 0.0872653709330452 0.0310618141766848 0.0527079443901102 0.0184464103135409 0.0086788678122732 0 0.0161829816028266 0.0389078846230239 0.00455094262877608 0.0379045658679867 0.00906530542112481 0.00586736900483964 0.00707510658393565 0.0236698484993316 0.135431028659048 0.100242096269873 0.0596347466848471 0.152111226386097 0.0463076731995169 0.154267468174374 0.10463428972843 0.0336208299675106 0.0955394935207135 0.00732406008650077 0.0359625169826234 0.00872537131486733 0.011189112021134 0.034008058146208 0.00721431834243742 0.00686330563734429 0.093131645989908 0.00657170554604707 0.00709351103972389 0.00979608256200291 0.0108400405667323 0.0786999409458833 0.0958846099084664 0.0655947476686506 0.0884367433005703 0.0552106743822572 0.143861363556893 0.0671901934936598 0.0468426699960919 0.154249701867247 0.124767449723009 0.164937291107895 0.115919095988131 0.147598169055149 0.136210459792122 0.112987253293792 0.151868494336461 0.132802964876352 0.109205696578395 0.156771116754806 0.133657821173762 0.0887384014104979 0.0887727265857364 0.11995780957969 0.0817734893048449 0.135604894594103 0.153750437160105 0.0873476538918236 0.137236720449848 0.13013153205052 0.0690867577730244 0.0987479181808963 0.143987538066796 0.121030682889994 0.176759282719979 0.12483783072798 0.1021965628275 0.128538816991057 0.162264285901092
