"FIA001" "FIA1" "FIA10" "FIA100" "FIB1" "FIB10" "FIB100" "FIC01" "FIC1" "FIC100" "FIIA001" "FIIA01" "FIIA1" "FIIA100" "FIIB1" "FIIB10" "FIIB100" "FIIC01" "FIIC1" "FIIC10" "FIIC100" "FIIIA001" "FIIIA01" "FIIIA1" "FIIIA100" "FIIIB1" "FIIIB10" "FIIIB100" "FIIIC01" "FIIIC1" "FIIIC10" "SC93A01" "SC93A10" "SC93A20" "SC93B1" "SC93B40" "SC93C01" "SC93C1" "SC93C10" "SC93C50" "SC98A001" "SC98A01" "SC98A1" "SC98A10" "SC98A100" "SC98B1" "SC98B10" "SC98B100" "SC98C01" "SC98C1" "SC98C10" "SC98C100" "SCIA1" "SCIA10" "SCIA100" "SCIB1" "SCIB10" "SCIB100" "SCIC1" "SCIC100" "P72IA001" "P72IA01" "P72IA1" "P72IA10" "P72IA100" "P72IB1" "P72IB10" "P72IB100" "P72IC01" "P72IC1" "P72IC10" "P72IC100" "P72IIA001" "P72IIA01" "P72IIA1" "P72IIB10" "P72IIB100" "P72IIC01" "P72IIC10" "P72IIC100" "P72IIIA01" "P72IIIA1" "P72IIIA10" "P72IIIA100" "P72IIIB1" "P72IIIB100" "P72IIIC01" "P72IIIC1" "P72IIIC10" "P72IIIC100" "cluster.size"
"FIA001" 0 0.101064768044454 0.0999625497710361 0.142273508587558 0.0779062895902943 0.0901583742782293 0.10265251727322 0.0578984165072895 0.145988591625115 0.14378308311359 0.139453833634681 0.120697460861051 0.117689961354851 0.158122224036924 0.163257830779471 0.137658476397351 0.129432900552761 0.131510089458784 0.177469631665173 0.105705158430598 0.165377474674562 0.180819052416823 0.192503620113344 0.167672014063992 0.128406068104276 0.189434980732204 0.152464747883674 0.206276555570623 0.186929532081581 0.182520195676074 0.181733651656756 0.194323679082338 0.162133760279285 0.117381027393071 0.258066733245032 0.135002904941064 0.245099576250676 0.139434264763932 0.148598388576789 0.143338878317827 0.191465856596612 0.172084210046393 0.186910955393778 0.195484876104416 0.144525435299719 0.200960769955179 0.194962576639825 0.138098762263059 0.194397544937913 0.201222081559207 0.199212594297356 0.192739739036037 0.113638553211913 0.147681022304742 0.136673363574453 0.125858565792843 0.102956794378031 0.220063987926112 0.114772143355197 0.124894331448339 0.246647919201394 0.220132775101667 0.238038973407906 0.182732179089594 0.223101967608072 0.212454719278665 0.197316083074912 0.234662068827391 0.225041575442488 0.206402866046667 0.249301604738002 0.2081023417012 0.188413690067729 0.201231148049935 0.203266811139434 0.193236583718971 0.208498190160008 0.279669222081092 0.177544928772365 0.231252931584736 0.205079516880752 0.161862431784486 0.193124493113949 0.254775048780608 0.196791750479547 0.271239524165269 0.199279931080208 0.17808480203782 0.2289138389156 0.245325765718045 0.103663744109868
"FIA1" 0.101064768044454 0 0.0941559154405925 0.10267991890844 0.072629445968386 0.133000890385896 0.0981454275185827 0.0849498361699773 0.142836301901471 0.136630991551896 0.184135955752755 0.16358972323286 0.146861763713333 0.200559310814727 0.20263334211481 0.181353817348062 0.13763103170171 0.142377621531055 0.222184013336648 0.129273581608956 0.202719630491915 0.213690371076979 0.226854303567327 0.203153479625936 0.157881320414885 0.225636058545504 0.187944217614214 0.240938813934032 0.222214744038231 0.21966120189826 0.207872146664052 0.161215769858182 0.169880431830617 0.156510221939143 0.245352380748677 0.16408736463613 0.208567172171513 0.132100227992147 0.1769576015079 0.144359202833082 0.226548292878472 0.193616782924631 0.222017426962235 0.229350160931192 0.192820885109706 0.235622908297199 0.230890015419665 0.125303837225283 0.230215893001074 0.235129451858436 0.233514201971286 0.226358185798882 0.130720415280961 0.132344480341807 0.163421634793641 0.106655639631927 0.139914600892227 0.20363769628821 0.15347514145158 0.158060111632275 0.222457677350847 0.198419972801028 0.205559511282931 0.161324150159154 0.201898906472401 0.188182814756914 0.183498134049141 0.206828243926406 0.200360318436142 0.192691399829012 0.22696284925164 0.185507879035868 0.180434365305917 0.206068804096551 0.184878052201141 0.22410869806831 0.182551633217016 0.274574002759173 0.168574887896992 0.210873405049789 0.177260967227324 0.161778792999238 0.176894281193382 0.225749180136831 0.173088071639191 0.243184393630499 0.166014751144858 0.159704029578637 0.189963923230284 0.213645657339179 0.109366907174802
"FIA10" 0.0999625497710361 0.0941559154405925 0 0.137770708654161 0.0904027531480572 0.104653561130008 0.10706289014957 0.0906004920388717 0.167621157782712 0.141553655946257 0.178842103764541 0.156131551174648 0.150893182696444 0.198617174283868 0.191873809168434 0.175657775148553 0.136953908821359 0.154351890160978 0.211960470788533 0.124685206382316 0.197663264726809 0.203262833507416 0.214159428479521 0.196427953449096 0.15444273697919 0.211368559849723 0.182362815643303 0.226674191923794 0.210200310601676 0.210400262070616 0.19345447152668 0.201020070555982 0.192149340164246 0.162645610288189 0.273239868818518 0.168460701645342 0.241328712376656 0.167792846353147 0.171212734931414 0.16347860237835 0.213876743921556 0.182898966099271 0.210944141792376 0.214165277369033 0.159664619969756 0.222532679470987 0.217696699836283 0.117601297334586 0.217550473224299 0.222166981675202 0.219154113290707 0.213755720323867 0.145167334354878 0.156384206019785 0.169308369637905 0.135435106887415 0.142415001508848 0.23194173906676 0.151330726417818 0.160621984737582 0.257775430554856 0.226539869627575 0.245056634865926 0.198455391326431 0.23901019873415 0.223490049928568 0.208001548386016 0.246752288399052 0.230341026841689 0.211088118351253 0.262417397069503 0.219610840003015 0.197627279936626 0.222478495364115 0.220040992860776 0.227059525299965 0.218226240438512 0.295557384377048 0.193708874654416 0.244911448927727 0.208631146366734 0.165721091199092 0.193943624883885 0.263515269610946 0.211898545779369 0.279995148783797 0.196294372879322 0.185783446701666 0.225003209515763 0.248583216425522 0.129129222389899
"FIA100" 0.142273508587558 0.10267991890844 0.137770708654161 0 0.132012146091244 0.159972953158671 0.122587421150377 0.132096511285849 0.153038986104204 0.149609638906652 0.200234859980107 0.17689148405424 0.136938012035298 0.224932783944482 0.219372555035568 0.193997850045025 0.147331358104567 0.144677234379616 0.23647870042589 0.145931403033188 0.225529550425421 0.235835224232823 0.250076202816848 0.222396068133654 0.169090333562682 0.245900974425546 0.19484633594592 0.261277776449337 0.24563673717082 0.244032543243864 0.223859268982691 0.143597946939183 0.16365091885635 0.158587294147272 0.233495339192576 0.174977527399835 0.184462582564908 0.120875716362383 0.194094917531024 0.138766230459897 0.245164963651823 0.203693165724589 0.244502527710938 0.248408512725311 0.214156207020185 0.256021846698705 0.253458822762046 0.130899472324686 0.249805184862687 0.255611422268148 0.252466388048919 0.24534258373049 0.137687739817737 0.126511637102454 0.170406644037522 0.10600921598797 0.161618664777937 0.189978243801424 0.170260360006965 0.170402283267916 0.184128132754665 0.165065472528724 0.169668211787743 0.12810553847397 0.161765849918537 0.152182137102941 0.161617794236624 0.171550399277608 0.163148829103272 0.165371992490875 0.195001226960038 0.148110528434353 0.171948294913089 0.198232596110383 0.159341781774641 0.215622702124392 0.146415603521417 0.241849184295842 0.160495894201627 0.172735285953079 0.150537863004744 0.154619114603464 0.155105602489102 0.191830371444044 0.144367254179169 0.217176089697732 0.144122684197887 0.136048168600481 0.152575725201692 0.181117807966342 0.0995819325955494
"FIB1" 0.0779062895902943 0.072629445968386 0.0904027531480572 0.132012146091244 0 0.12175903938553 0.112451214915359 0.0725944760104117 0.134394411239569 0.122508657088034 0.171385273074392 0.14974535077536 0.137369127676366 0.189220821820402 0.191056050318197 0.171073100906098 0.147414183178432 0.139717705105923 0.20973044841483 0.123743452694596 0.195713550391517 0.2055413918588 0.218805149911801 0.192600591348107 0.150940956380609 0.215763359082183 0.175454743596455 0.231158564613614 0.212155769796282 0.212866871845529 0.208015792930166 0.180842582520488 0.159671233368577 0.147516148214658 0.247160945764364 0.160086720943846 0.225475035029763 0.13571865658236 0.174055388413996 0.145766071286355 0.216950943941076 0.195040411646036 0.212187005235488 0.218419743073668 0.176559669329414 0.226658588922164 0.220145403703001 0.13396397839305 0.22109640076171 0.226456460886954 0.223976133329578 0.217651255520912 0.129861150793523 0.136747475115107 0.154042397964219 0.129948266281971 0.133107981964532 0.209381856458715 0.142929256713977 0.149868445092326 0.230342144029981 0.205321041667166 0.232763763397462 0.178087379301518 0.212449745724234 0.194896417997149 0.182818846677844 0.227466780198617 0.208201842269304 0.189956391576989 0.230813372649826 0.187997247629189 0.1864983539775 0.206270358041272 0.197731224832926 0.213625950718289 0.200185115213399 0.265415732267551 0.176783827689779 0.214832246061691 0.186967111405867 0.165629032428469 0.177252092342481 0.245075600425519 0.19074628294924 0.260024755411463 0.179207149980404 0.162499621466745 0.219120093079628 0.226221805321668 0.109400943404683
"FIB10" 0.0901583742782293 0.133000890385896 0.104653561130008 0.159972953158671 0.12175903938553 0 0.103342937505951 0.0990212007288442 0.192334792814913 0.172606293650742 0.111947898815421 0.0958879767217028 0.134406108735587 0.136977085882008 0.128921530878894 0.115265084894907 0.116437599337394 0.154276044691205 0.148883056503033 0.0890220433756081 0.139144874502372 0.14655631410323 0.158667648096744 0.137021562706001 0.0946567441297796 0.157075360211922 0.120343729606683 0.175573733330696 0.156028313566158 0.155084958349187 0.143550123149369 0.21998575824215 0.195579074077795 0.118653456758984 0.291191456324274 0.112457479602745 0.269889324095995 0.170004598671204 0.114406001196411 0.179977203205562 0.159854302943484 0.141899355141282 0.153944034271892 0.161987639900335 0.0968418027130603 0.168024206433451 0.164574173179849 0.146158742650078 0.162462301405543 0.168510425186827 0.164626019625218 0.160309849070852 0.128106941510754 0.175498535896549 0.129028638968614 0.143187739436532 0.104303448493268 0.252868037426827 0.109006036356892 0.101882703790228 0.271665728818101 0.245124202107189 0.25954636829063 0.201301712000774 0.251322774429603 0.239264704217593 0.228973819595496 0.24673018637834 0.248887103328304 0.225699693472774 0.280482560752657 0.237635299900891 0.191330494707147 0.205423428530985 0.212611762439968 0.192854488625871 0.223632162636159 0.312135032823548 0.182948964740309 0.259418611548735 0.234932876978149 0.156803259110395 0.216654927565921 0.261498158795604 0.20954277529495 0.281091491582247 0.223847720319768 0.208274998571762 0.246442379241783 0.274773813183974 0.112280508113308
"FIB100" 0.10265251727322 0.0981454275185827 0.10706289014957 0.122587421150377 0.112451214915359 0.103342937505951 0 0.0806075352212919 0.161679099382846 0.151449523788188 0.144675928908171 0.124833567554018 0.131850816833377 0.166906261428748 0.16121858874722 0.144761796862254 0.0905322364877219 0.132710158116768 0.175458992301105 0.0978880875694311 0.160330297018692 0.164650463511822 0.177979463663373 0.159112253347223 0.116161563148854 0.175925879298419 0.150738553793398 0.190383950377389 0.174263576984866 0.170935718693984 0.161470619382106 0.180726130912673 0.170225046843707 0.119951117869552 0.264471332691727 0.124577950041057 0.230351790082689 0.142398209638867 0.135485729215417 0.152412340075833 0.176580332754959 0.131603235008231 0.173393341721201 0.181138942485897 0.14875401660026 0.183995228831731 0.185029229665802 0.131676454738496 0.180779214446455 0.184160642476042 0.183946212984115 0.177783089457296 0.11195183884125 0.133208710520873 0.135151052543774 0.0996536719706006 0.107340323991707 0.228451521063394 0.117573964062706 0.115427357204453 0.246894785458623 0.221209171304796 0.228275169919789 0.180646030691365 0.227527820474064 0.215021545531587 0.204642272280075 0.223530612079681 0.224401712583345 0.210860313950358 0.254246294893561 0.214259705024698 0.179043579056854 0.202079214110265 0.192408718996354 0.207870718018466 0.205240356516647 0.293474044083096 0.168895644273863 0.23626879141423 0.207297751327403 0.15280280608216 0.195651170519503 0.235763618017219 0.188658675939234 0.254595737098538 0.194048255866242 0.18044140598293 0.198791912243161 0.234869424771566 0.0935790912758549
"FIC01" 0.0578984165072895 0.0849498361699773 0.0906004920388717 0.132096511285849 0.0725944760104117 0.0990212007288442 0.0806075352212919 0 0.140108030414991 0.12774786604347 0.145474399173746 0.124320397568945 0.124717146874242 0.164495589847073 0.165811947260209 0.14577122585475 0.114766083858105 0.119834156842116 0.184639070411285 0.0932619423491186 0.160511434588926 0.177437850745106 0.191136268648885 0.16845136720098 0.122546208910113 0.18787683104764 0.154020830570059 0.203777110807193 0.185514646390962 0.180240552589419 0.178246536308522 0.170653800656077 0.15049958277132 0.118798868661725 0.244687478676681 0.126925056523462 0.222928782752031 0.123823301173138 0.143275910508171 0.13672972702404 0.1887833072428 0.161095090730407 0.184090871933014 0.191233575192864 0.148323770463862 0.198337091784837 0.193155013911912 0.119323546379607 0.192311486290154 0.19789612650628 0.196151929403433 0.188626548976147 0.104532813975755 0.125022728261684 0.133057549356112 0.105234960413663 0.0995627916918435 0.209061923841311 0.113881376907958 0.121449023240137 0.234208751097769 0.208365869497059 0.23031429698468 0.176377262642782 0.213785980147322 0.200121509811289 0.187379931215908 0.22845669612976 0.212687098986614 0.193527892831499 0.237455458117268 0.197890658944551 0.187101745260548 0.20483592223063 0.199718268346702 0.207895374047102 0.200938284108614 0.273524390489204 0.1735538916818 0.221024615849223 0.190447723309278 0.155882312612706 0.180579911545357 0.243703869527529 0.191754646806547 0.262921706503662 0.175839180350888 0.165519393745738 0.212123065046492 0.231232430036724 0.0907105322893845
"FIC1" 0.145988591625115 0.142836301901471 0.167621157782712 0.153038986104204 0.134394411239569 0.192334792814913 0.161679099382846 0.140108030414991 0 0.0999605737585675 0.241174630816887 0.221218737590529 0.186187439501511 0.255464873778975 0.257008842272579 0.240844062358906 0.192542626901736 0.190157770626853 0.268039827485174 0.192272925728059 0.254828478559183 0.266630114014889 0.278314354017142 0.256374830906083 0.215404686315758 0.275745356755032 0.246672468842131 0.287988297680229 0.274169503584275 0.269323786823818 0.258899979280914 0.151192940050024 0.128462406524384 0.199298160854759 0.185285066326098 0.222842879564427 0.157306087639354 0.144415847748821 0.234863628388858 0.131251280881934 0.27709255872655 0.245598824125608 0.274685423899547 0.282886470511744 0.245192442074371 0.285565590380594 0.284761876270729 0.154442100328112 0.279624095384041 0.286054589654138 0.284216551119545 0.277651764332265 0.187718811042253 0.123704515409638 0.216624545853345 0.159201344095851 0.194724096146883 0.160928500828051 0.212481381108959 0.211372180983265 0.202352272842577 0.1686049260071 0.230683157568528 0.194150061493577 0.217097547687625 0.191830329992868 0.152187082093364 0.234646813470836 0.181665608233871 0.145547209537643 0.177615115716386 0.191717785381367 0.240656898867316 0.268354219486452 0.226930986112635 0.262614881921253 0.217416568000541 0.207110810987648 0.235232561205058 0.222140386508673 0.172088342996322 0.203620331232853 0.184003360463509 0.250918313234392 0.211199552390201 0.274465363526902 0.186523654550151 0.158788441162446 0.213456316330088 0.221446649889705 0.169558555036399
"FIC100" 0.14378308311359 0.136630991551896 0.141553655946257 0.149609638906652 0.122508657088034 0.172606293650742 0.151449523788188 0.12774786604347 0.0999605737585675 0 0.212852879332329 0.191184390230781 0.178716435351044 0.233638693992589 0.230222292714773 0.210944600037835 0.164874153965934 0.167553688905988 0.247724316611627 0.162350804173942 0.234611073193025 0.244447716824083 0.255953449163796 0.234442023340183 0.192984182657206 0.255402065794522 0.21771084018405 0.26977809537159 0.251754473903155 0.252011076056415 0.244829824262462 0.169541016054327 0.135876752432709 0.198603021271759 0.218963305140446 0.207264045041226 0.191466527139842 0.154045317821447 0.21330769220331 0.14421453219725 0.257069033751196 0.231063255263758 0.253569927715951 0.25823955647168 0.220882984393695 0.265596515510277 0.262257030668554 0.148314728942463 0.26083347517715 0.265244400075924 0.261599894682762 0.258018038214103 0.16497208780695 0.130695211416369 0.203957115479924 0.147612384653744 0.18142459638012 0.181260482636589 0.190989049857111 0.198701482048746 0.216525709536825 0.180095549079683 0.247410723945074 0.194718570167576 0.229184694755692 0.19958667514124 0.165049241991517 0.245530171117177 0.193951939945557 0.159909080008483 0.200079725655367 0.202368150462973 0.235867007371696 0.25756245804047 0.220946100968786 0.256630519307284 0.216035807850119 0.237347347350542 0.219968771898209 0.228696228631965 0.185837715749922 0.196485351436796 0.196252519121231 0.258422333681425 0.20921339020749 0.27574815950533 0.187412742377763 0.163249020974007 0.232486426907071 0.239924412957842 0.155100311518207
"FIIA001" 0.139453833634681 0.184135955752755 0.178842103764541 0.200234859980107 0.171385273074392 0.111947898815421 0.144675928908171 0.145474399173746 0.241174630816887 0.212852879332329 0 0.0658985216875641 0.156309319606165 0.107146638220147 0.0877841197599915 0.0761497500935395 0.129037903457078 0.144216984492458 0.0932217187130139 0.0959427054828677 0.107624427883776 0.116100026929157 0.128098520669643 0.111467821379641 0.095118724358992 0.126712096434135 0.0852247193770097 0.149893246695514 0.128469672512617 0.125366603876457 0.123167096679636 0.253871182759955 0.208899085562539 0.122972005937436 0.31839421400504 0.112207759280502 0.30329683408167 0.195039916613557 0.0991676668455778 0.201466471177708 0.129457917153562 0.115457568297803 0.121966852876103 0.12863774680091 0.100057695725942 0.137737836121449 0.137373103178172 0.202062486150417 0.131985266959351 0.13781904859868 0.133135453055398 0.129888793921393 0.145143541098758 0.207481524396616 0.126906617022278 0.169893963307218 0.117533422873046 0.275441229166332 0.120958229362283 0.1006589596074 0.295616466692511 0.268272599635164 0.284649061954391 0.222415764083395 0.268397472822694 0.267777368459006 0.254026432140497 0.26816954246702 0.269523648635542 0.256312303015696 0.304603036852079 0.259479468804011 0.188851934248153 0.192005093760622 0.227299094207959 0.179015758972043 0.248974283091653 0.33093085009434 0.179198003026048 0.27902476299354 0.260415943920394 0.180981871907538 0.245189325999197 0.285741319364465 0.229586160710576 0.298400570329469 0.256242058919858 0.232580475116149 0.277252296226318 0.301409685268952 0.138813380466759
"FIIA01" 0.120697460861051 0.16358972323286 0.156131551174648 0.17689148405424 0.14974535077536 0.0958879767217028 0.124833567554018 0.124320397568945 0.221218737590529 0.191184390230781 0.0658985216875641 0 0.139742412944156 0.112765816125525 0.0926929326936483 0.0813217991591015 0.109681223471173 0.114376040690206 0.111066443650654 0.0728098479152961 0.112436201591644 0.118067193707917 0.130443312336117 0.113531846512485 0.0798218856105607 0.128342270019954 0.0881618487520101 0.148964263556103 0.128586610621624 0.128205068755758 0.121015710095439 0.233285024628908 0.190645499778403 0.104676230399878 0.298716413436151 0.0910954017582237 0.281191430278269 0.174458490979226 0.0930911985882362 0.184646625940476 0.128941672590113 0.11842031345583 0.123799663956962 0.130831017415692 0.0894915854385735 0.137626234936309 0.137893613772117 0.184366614836588 0.131630552109647 0.137369770429481 0.135071964023252 0.130478355528064 0.123230026230331 0.186114394923805 0.109007755550243 0.144078743873377 0.10036955264612 0.257811610229659 0.1004032924014 0.0833367947332665 0.276016805210155 0.249815061265824 0.265271228848259 0.202597950312958 0.250587278673446 0.245581785198978 0.236287981075105 0.252562145131663 0.254303066039667 0.234265813080243 0.284823712470666 0.239611301541469 0.189165252297431 0.195762366499642 0.211618440130791 0.188465636967331 0.225751927399935 0.314158800146109 0.17646173585791 0.256833179823017 0.241763091053236 0.158615083337157 0.22215010843132 0.260904060120583 0.208338215810281 0.281187388130993 0.232272969635665 0.210655149558685 0.254288706508969 0.280179800636921 0.120159640420229
"FIIA1" 0.117689961354851 0.146861763713333 0.150893182696444 0.136938012035298 0.137369127676366 0.134406108735587 0.131850816833377 0.124717146874242 0.186187439501511 0.178716435351044 0.156309319606165 0.139742412944156 0 0.18451374512652 0.175406155287152 0.155150940371311 0.141400372566952 0.13014008694754 0.187740637496942 0.122490988083425 0.187450843210582 0.191703498169461 0.205446478701158 0.182539635620815 0.13488304333439 0.202716874559946 0.158870094437179 0.217317227952689 0.201504778900151 0.201407862810115 0.191432960253133 0.197523364577417 0.159871318071113 0.124350140092896 0.261245669237122 0.1502776233283 0.242844018332109 0.140810179629763 0.160528741658325 0.144444042071485 0.200460362371989 0.178720442646802 0.199275434877054 0.205401891433323 0.173829258697557 0.210698095480501 0.208294354580598 0.158966141761948 0.205184010398621 0.21111062981264 0.208461205698386 0.203057692652367 0.123884429989523 0.169098002218396 0.137921772420582 0.13945990136589 0.128127305787954 0.22147775912385 0.131212107717343 0.141602519921452 0.194028694511076 0.166480715341414 0.193043430465855 0.138836569258731 0.169982528475218 0.171501693801973 0.158656487838855 0.177052029825181 0.172409781141817 0.165745927355751 0.219753895392383 0.164878531033903 0.134661645868293 0.155976115803804 0.14921022024695 0.152541281280795 0.16730675857066 0.237921767813053 0.141770888001865 0.183592389942296 0.178490807444052 0.12666607992769 0.172515023785813 0.230023009329961 0.173551837106023 0.246650018125251 0.188475203204057 0.152352312334523 0.206096012577345 0.230375383978082 0.0846693786883617
"FIIA100" 0.158122224036924 0.200559310814727 0.198617174283868 0.224932783944482 0.189220821820402 0.136977085882008 0.166906261428748 0.164495589847073 0.255464873778975 0.233638693992589 0.107146638220147 0.112765816125525 0.18451374512652 0 0.0586866555217053 0.102660175783161 0.157685596747383 0.192216611529545 0.0830277986622011 0.119565912053077 0.0533686489221007 0.0696792798463687 0.0756588614822386 0.0596294881020766 0.101700784414774 0.0701347828902342 0.0942470241130463 0.0884641699476553 0.0731010221120349 0.0647151454120698 0.0896475801160628 0.273128029608341 0.227942541063428 0.137235506329901 0.340222996885698 0.10885414513219 0.322489217337109 0.21404647761242 0.0872352147050621 0.227011436419302 0.0718645881883316 0.12228867375209 0.0653699220300163 0.0742327874405713 0.0968115467886673 0.0786277495000818 0.0763758173223371 0.22626238228481 0.0741064729432375 0.0786953358708275 0.0770167088607254 0.0747775948518266 0.174817403393568 0.232307929106593 0.137153027430086 0.193787633113854 0.126899649390662 0.305909125766324 0.154619462712179 0.104362947239051 0.323184994038445 0.299364691794968 0.312494643050748 0.251172566245737 0.299161546395382 0.291736499010049 0.28265120145392 0.298120344071583 0.301811420345291 0.27784965207454 0.332855717135471 0.286611045683989 0.218846562142081 0.211928729796355 0.258174389458647 0.208170378167469 0.272412505390157 0.357906141629894 0.195782159574839 0.302892156928079 0.28810215273534 0.201467721550817 0.267697907371311 0.305574204161262 0.251693771485479 0.326747056911305 0.275846970730589 0.25533069042783 0.297480142010136 0.325818812422075 0.169815982455855
"FIIB1" 0.163257830779471 0.20263334211481 0.191873809168434 0.219372555035568 0.191056050318197 0.128921530878894 0.16121858874722 0.165811947260209 0.257008842272579 0.230222292714773 0.0877841197599915 0.0926929326936483 0.175406155287152 0.0586866555217053 0 0.09754334376705 0.151320746572933 0.180632134996888 0.0606142818036634 0.113708008335149 0.0550610517092504 0.0528599048511891 0.0632452330537906 0.0511935836760948 0.0938937049276524 0.0620293276076707 0.0767469718646245 0.0843505969750626 0.0639524163026786 0.0614975556395104 0.0744076731079266 0.267724669580338 0.225879677484646 0.137016630089229 0.341113975689135 0.109368568655459 0.317556475944619 0.21280251528541 0.0776588758900397 0.227214300060541 0.0640641452863022 0.110402654862796 0.0575724361851074 0.0673433534141739 0.0836583217911029 0.0721147386460088 0.073603541710277 0.222362359347779 0.0673162584574985 0.0719302830648297 0.0691735572047709 0.0691416861383182 0.174675336543157 0.231627527859465 0.133953798702796 0.191871614085791 0.126992996753917 0.304836944350742 0.154981836985255 0.0980398045250502 0.315564005038851 0.291069337465422 0.306059449882738 0.242150882938919 0.291306181420154 0.283196678397307 0.275746870759933 0.29161249845975 0.293552479926716 0.270537412548496 0.324620131604238 0.278877216747903 0.211965948580663 0.206220260586521 0.250049265191113 0.202482454376299 0.26438432094432 0.352174157286712 0.189788261147475 0.29406043816494 0.281019355721283 0.193865561021626 0.261519940558322 0.298155450650534 0.24796444550934 0.322379059140956 0.266592201487302 0.250051890907956 0.291302296859686 0.319725842519842 0.159970143511736
"FIIB10" 0.137658476397351 0.181353817348062 0.175657775148553 0.193997850045025 0.171073100906098 0.115265084894907 0.144761796862254 0.14577122585475 0.240844062358906 0.210944600037835 0.0761497500935395 0.0813217991591015 0.155150940371311 0.102660175783161 0.09754334376705 0 0.133037530525893 0.151312857702437 0.101360792229887 0.0988940769966777 0.106935737752262 0.11453274211497 0.12647356044089 0.106101445933634 0.0878208951975136 0.120789571151602 0.0890778050707253 0.140238701838203 0.122669055199064 0.120790725100522 0.114094945019617 0.253153244321825 0.209989859190216 0.12779873658549 0.317924536558547 0.111067490806236 0.301070675685805 0.195559741471128 0.0909352322131987 0.203093619860588 0.120926250120747 0.118266191357909 0.117836487421593 0.124461075734809 0.103313668424028 0.129758995077845 0.127631991760414 0.208789711464965 0.124072705871581 0.129380034181138 0.128354946060032 0.123017575770041 0.146430274554752 0.214045925002563 0.13127016901941 0.169310680342304 0.120849954127682 0.271493589898617 0.122535539165433 0.102216586938196 0.294710981460517 0.267585995586933 0.282499030619133 0.226746125938404 0.27050548200073 0.266549431638445 0.257175451340164 0.268149601097079 0.271517576233215 0.255794764842394 0.306031666214684 0.260992950147099 0.187668494099768 0.192049383991814 0.23053006019357 0.178983088414104 0.249824153285689 0.33101693178257 0.176277199534783 0.281398393268809 0.259483261255976 0.179035037772743 0.242752256199355 0.283482775131273 0.225035008073073 0.296378722146333 0.252451800476306 0.230900922277443 0.275739015567418 0.300420053311029 0.142393408896218
"FIIB100" 0.129432900552761 0.13763103170171 0.136953908821359 0.147331358104567 0.147414183178432 0.116437599337394 0.0905322364877219 0.114766083858105 0.192542626901736 0.164874153965934 0.129037903457078 0.109681223471173 0.141400372566952 0.157685596747383 0.151320746572933 0.133037530525893 0 0.127728051715303 0.170480913305101 0.0979816860846206 0.159847272221056 0.169521898458112 0.182989294275292 0.163441342621629 0.1251856205864 0.17908520359324 0.149575031455204 0.196496598926017 0.18164121961588 0.176062632743977 0.164661306384786 0.207951459108683 0.182672888073024 0.134402441079631 0.281631556325021 0.135031765918534 0.254292521905745 0.161778933809914 0.137001728961973 0.165724633013902 0.179779894424585 0.117530433493862 0.17603901687717 0.185035111381895 0.14513497150863 0.189035028954722 0.187797356249083 0.158428246338387 0.183489366502813 0.188264366718734 0.183928126833323 0.18109665886838 0.112047960673081 0.147138159242532 0.148114478901863 0.11444032113401 0.122811858835529 0.237224047465648 0.125471186590913 0.127186299890418 0.264604344323226 0.238400505627072 0.247633272344541 0.19722548292427 0.246815679017957 0.237030279900646 0.223068260848242 0.241424958286379 0.241816906761978 0.223096806649968 0.277830046740091 0.234673696679744 0.189320176760811 0.211187003089962 0.208596193878575 0.210030357336625 0.221249741872229 0.307925312632897 0.181266023828258 0.253875517749415 0.227982401356468 0.147737619845872 0.205064624642634 0.25180663122346 0.203159787901373 0.271956244277512 0.216554743429648 0.199532239609027 0.217461624272527 0.256540466291567 0.116971119298154
"FIIC01" 0.131510089458784 0.142377621531055 0.154351890160978 0.144677234379616 0.139717705105923 0.154276044691205 0.132710158116768 0.119834156842116 0.190157770626853 0.167553688905988 0.144216984492458 0.114376040690206 0.13014008694754 0.192216611529545 0.180632134996888 0.151312857702437 0.127728051715303 0 0.186829489464972 0.118731392844185 0.190531384594735 0.197632040271482 0.209326533434905 0.190136866703617 0.155273111860192 0.206531529322338 0.168702320990534 0.223396275555191 0.205450651752613 0.205880298031684 0.196827782928775 0.195679789672107 0.151780499079695 0.135831861932426 0.254898208641479 0.154012538342321 0.242569969813141 0.13163480929502 0.16566835790539 0.147082508124272 0.206450449712998 0.176976194138224 0.20130973174079 0.208396427818258 0.168310930366234 0.214745245058974 0.216529770519345 0.148263472529977 0.208565678288379 0.214541069936131 0.210602269498684 0.206276275754874 0.106306638458142 0.150818220725785 0.130899553085754 0.111283022775116 0.13226123736846 0.196347737329273 0.124673316042241 0.143710783024874 0.227532945385935 0.203839931838248 0.21734028023327 0.168594402399909 0.19841331172677 0.203010079689754 0.197515967383542 0.208160762046233 0.1997763160843 0.20649499914162 0.239337624450914 0.194970772544132 0.186002498520682 0.200969947864816 0.176802012343087 0.21248631938378 0.19642285757569 0.267578676104511 0.181623261427618 0.211237100565959 0.194428366135248 0.175514736005209 0.193589462202254 0.240331824465385 0.184392155636037 0.239660596987743 0.195006545840743 0.175425897836071 0.212624551869743 0.233100376186137 0.106232827204547
"FIIC1" 0.177469631665173 0.222184013336648 0.211960470788533 0.23647870042589 0.20973044841483 0.148883056503033 0.175458992301105 0.184639070411285 0.268039827485174 0.247724316611627 0.0932217187130139 0.111066443650654 0.187740637496942 0.0830277986622011 0.0606142818036634 0.101360792229887 0.170480913305101 0.186829489464972 0 0.136051924331273 0.0748648809444231 0.0820956116365109 0.0839369503672987 0.0819956035009787 0.11001403789835 0.0818546543916143 0.0953186392289864 0.103302406694544 0.0856157002254497 0.0804975948396291 0.0909473362078792 0.281680180210669 0.233864659426738 0.146190374046967 0.349857066347526 0.123013764309388 0.330002960959145 0.22469776099682 0.0963309239411566 0.233343932505263 0.0852060953894209 0.123146851925108 0.081142107918415 0.0919865050521432 0.106302525730746 0.0915025251002523 0.0981940159202642 0.237493850639611 0.0873911737705439 0.0920739617017389 0.0907223552535302 0.091110306667081 0.184652619182872 0.244979557623604 0.142673507672876 0.207024030256853 0.140806376684681 0.307965062891278 0.16170982142605 0.112522729980313 0.328243082033313 0.304831169366318 0.317408589055316 0.260392122151994 0.299723161148174 0.301047011442106 0.287580594428415 0.296017263559456 0.304290897237829 0.289575229338677 0.337568090175794 0.291795028934191 0.225316148488987 0.212157595036185 0.256003892840926 0.204330757849187 0.286394190823405 0.355475806452058 0.210101040053974 0.308902883643978 0.293506342243346 0.214731663809293 0.276547350578022 0.316250192934482 0.265233067614569 0.3250509779126 0.28560382148401 0.265797636046774 0.308279568889108 0.333228681970115 0.176165187638027
"FIIC10" 0.105705158430598 0.129273581608956 0.124685206382316 0.145931403033188 0.123743452694596 0.0890220433756081 0.0978880875694311 0.0932619423491186 0.192272925728059 0.162350804173942 0.0959427054828677 0.0728098479152961 0.122490988083425 0.119565912053077 0.113708008335149 0.0988940769966777 0.0979816860846206 0.118731392844185 0.136051924331273 0 0.124277789023394 0.135206577343165 0.147411299921961 0.127237713909194 0.0893459007235077 0.144427621969519 0.107440682769241 0.16187083901088 0.144725335332823 0.143760095376732 0.136180049089511 0.198889045529954 0.17199352337584 0.0979304368388379 0.272223065110657 0.0936310276692852 0.248515458194629 0.149574930971628 0.100687061913876 0.161206998300747 0.144494338456033 0.120783450732778 0.138996869058968 0.145783119674057 0.111236467027664 0.151936556788169 0.149155659271434 0.152817577491012 0.148988719009109 0.152672597957338 0.150480556268056 0.145298309856344 0.109075779305763 0.156168344377598 0.0996665369112225 0.120760170842905 0.0852576674075211 0.231313816291982 0.0926676535853457 0.0844428920857549 0.25324349442009 0.226534883171597 0.240299506565727 0.183785911906749 0.23207762980982 0.221356274772379 0.213470964124414 0.229452525209641 0.23014558296707 0.211703666403522 0.26321755826683 0.220320800645942 0.18030064936388 0.196570727036277 0.199471093368164 0.195361114716693 0.206515251229265 0.294733946902333 0.169220830399044 0.239715160847488 0.214214452166539 0.148047702490719 0.196073355928324 0.243048357039036 0.19113150678801 0.261870082168582 0.202006458010159 0.184369098367713 0.221871409844503 0.251282151738301 0.0963249676114371
"FIIC100" 0.165377474674562 0.202719630491915 0.197663264726809 0.225529550425421 0.195713550391517 0.139144874502372 0.160330297018692 0.160511434588926 0.254828478559183 0.234611073193025 0.107624427883776 0.112436201591644 0.187450843210582 0.0533686489221007 0.0550610517092504 0.106935737752262 0.159847272221056 0.190531384594735 0.0748648809444231 0.124277789023394 0 0.0593247372072108 0.0653056444934822 0.0550791615800009 0.094792757279314 0.0613176857440729 0.0922383441393589 0.0839264469604878 0.0652288963929073 0.0539283297103566 0.0781508622122121 0.263482587010686 0.2202094056849 0.126849747314097 0.33799963475461 0.0984964942592611 0.31767274978203 0.207259866486793 0.0799302281678193 0.21907665117328 0.0620202322663603 0.111006654395074 0.0583035261909766 0.0649484749221661 0.0975453469664265 0.0693683584926844 0.0785582134181566 0.219220698054128 0.0665851326947158 0.0702818968412585 0.067085446310598 0.0647559885336939 0.170749582648504 0.230299221080729 0.129746591023777 0.186534334477415 0.111897475405181 0.30564117281453 0.155354561311858 0.0952869307672779 0.322982624166594 0.302087728420451 0.312686382864634 0.254137150530073 0.298223936616039 0.293178163486325 0.284073378598272 0.298857478960412 0.303257988646734 0.280585927103611 0.334119038861813 0.28705696301915 0.22248541490126 0.216229591220728 0.259480916973031 0.210994462238605 0.277301264912037 0.359468659357831 0.201514939764443 0.302534063753268 0.290170510863006 0.204014960529951 0.268748318313099 0.305054335330443 0.258664207951694 0.326841475501377 0.274865244314793 0.258572028294091 0.297855056733744 0.325812492214203 0.166311631761139
"FIIIA001" 0.180819052416823 0.213690371076979 0.203262833507416 0.235835224232823 0.2055413918588 0.14655631410323 0.164650463511822 0.177437850745106 0.266630114014889 0.244447716824083 0.116100026929157 0.118067193707917 0.191703498169461 0.0696792798463687 0.0528599048511891 0.11453274211497 0.169521898458112 0.197632040271482 0.0820956116365109 0.135206577343165 0.0593247372072108 0 0.0321274148379861 0.0411986245127471 0.100751010556075 0.0340845631708977 0.101399279462036 0.0551302366611781 0.0338380305235873 0.0364127220345615 0.0760335813628826 0.276369890617472 0.236087234443634 0.145541075630324 0.351258049054349 0.114018416474101 0.326477767951277 0.221950697462723 0.0837640124318087 0.236488205573698 0.0386938790533996 0.116981686324964 0.0382578817550679 0.0464327962211313 0.0967446100100077 0.0443818917790932 0.0500168605921108 0.232884984988184 0.0426498670524238 0.0438462053442543 0.0425007001717478 0.0434192038803681 0.185886821251281 0.240258554712173 0.139599044040212 0.201980353471524 0.132324927967732 0.313935978753665 0.169506848792472 0.103907368477868 0.328581469395917 0.307219906794271 0.318409954084214 0.259565765061694 0.304338710298337 0.298852663812592 0.291779484163377 0.304239442120977 0.308742935699231 0.286796296651035 0.339279005705799 0.292946354262552 0.226985535649755 0.221814717289148 0.264369808832062 0.216998043067225 0.282494680174859 0.365638891527689 0.206167600974439 0.307097368662626 0.294658919572373 0.209203218183671 0.272964637866749 0.3108177490402 0.26414723316279 0.332327757008391 0.278814964522285 0.263489990643352 0.303024253441285 0.331835067479003 0.175462349745997
"FIIIA01" 0.192503620113344 0.226854303567327 0.214159428479521 0.250076202816848 0.218805149911801 0.158667648096744 0.177979463663373 0.191136268648885 0.278314354017142 0.255953449163796 0.128098520669643 0.130443312336117 0.205446478701158 0.0756588614822386 0.0632452330537906 0.12647356044089 0.182989294275292 0.209326533434905 0.0839369503672987 0.147411299921961 0.0653056444934822 0.0321274148379861 0 0.0504138510434294 0.113354600830944 0.0188343705250638 0.111404588736937 0.0397073643393805 0.0212951706457943 0.0318655713330946 0.0786355821313101 0.290160460906437 0.248573496385218 0.156301126534407 0.3643839596921 0.126099345272636 0.340110469931049 0.2359980763642 0.0952484307618815 0.251481453148248 0.0285183399190354 0.124297593997949 0.0290777011567757 0.0368582814616395 0.108967369273664 0.0298159080846279 0.0428521501740774 0.246412001372612 0.028766342524171 0.0282540595796111 0.0335281198764057 0.0400520283651259 0.197765193270784 0.252174571764208 0.147095040519161 0.213857577264736 0.142803556019453 0.325122707624003 0.181190793412983 0.115182440056435 0.342217618854211 0.321740843850652 0.332464397326203 0.275079524456969 0.318400720615686 0.313760276258396 0.305884042851294 0.317964533225214 0.323599528576226 0.300727507461716 0.354025501792478 0.307970072217377 0.241951120815171 0.235323624700972 0.279766643552744 0.230643448296512 0.297768977635581 0.378581556106092 0.221375331287302 0.323200833996053 0.309458113423191 0.224258395595013 0.286889082910959 0.325498084971472 0.27926868868789 0.346197856545322 0.293979071368557 0.278116650333318 0.317747489107931 0.346348835357113 0.189605030045416
