"FIA001" "FIA1" "FIA10" "FIA100" "FIB1" "FIB10" "FIB100" "FIC01" "FIC1" "FIC100" "FIIA001" "FIIA01" "FIIA1" "FIIA100" "FIIB1" "FIIB10" "FIIB100" "FIIC01" "FIIC1" "FIIC10" "FIIC100" "FIIIA001" "FIIIA01" "FIIIA1" "FIIIA100" "FIIIB1" "FIIIB10" "FIIIB100" "FIIIC01" "FIIIC1" "FIIIC10" "SC93A01" "SC93A10" "SC93A20" "SC93B1" "SC93B40" "SC93C01" "SC93C1" "SC93C10" "SC93C50" "SC98A001" "SC98A01" "SC98A1" "SC98A10" "SC98A100" "SC98B1" "SC98B10" "SC98B100" "SC98C01" "SC98C1" "SC98C10" "SC98C100" "SCIA1" "SCIA10" "SCIA100" "SCIB1" "SCIB10" "SCIB100" "SCIC1" "SCIC100" "P72IA001" "P72IA01" "P72IA1" "P72IA10" "P72IA100" "P72IB1" "P72IB10" "P72IB100" "P72IC01" "P72IC1" "P72IC10" "P72IC100" "P72IIA001" "P72IIA01" "P72IIA1" "P72IIB10" "P72IIB100" "P72IIC01" "P72IIC10" "P72IIC100" "P72IIIA01" "P72IIIA1" "P72IIIA10" "P72IIIA100" "P72IIIB1" "P72IIIB100" "P72IIIC01" "P72IIIC1" "P72IIIC10" "P72IIIC100"
"FIA001" 0 0.0336187021690599 0.0278767852842702 0.0503781343121406 0.024451313616366 0.0271564141859322 0.0362128890242952 0.0208095685330239 0.0571755038312564 0.0502736198774886 0.0483361315710853 0.03244228570705 0.0346230664969637 0.0633150686918855 0.0588121011736674 0.0448944440832045 0.0442050982687388 0.0499039925565705 0.0735139283574594 0.0270033000339456 0.0634468868110111 0.0690943557680927 0.0740804678325897 0.0601768778612339 0.0363290744244843 0.0738120161520197 0.045044360318427 0.0760370700657428 0.0702193677692777 0.0719318613089741 0.0678058761728852 0.0855693981678518 0.0634047468837292 0.0289104190447094 0.107281774967409 0.0340135779898127 0.107554138673554 0.0581714103682191 0.0499349839955702 0.0494901626749978 0.0731777910515907 0.0817991252886743 0.0720371013851162 0.0708594410589292 0.0450053217267376 0.0798690523968299 0.0719595503989143 0.0497515244016373 0.0746396661182676 0.0803558248782001 0.0790767529767137 0.0685919940051111 0.0341914002143276 0.0602013276356133 0.0469127442372841 0.053692592165256 0.0277632883526144 0.0958262251488755 0.0278929966811143 0.0315523813227595 0.102949140518396 0.0805585157838772 0.104416592668138 0.0647053342851677 0.0934040879137165 0.0844520841176404 0.0695171139456006 0.0957438000626079 0.0885202854548564 0.0693914975481844 0.103745406247225 0.081130967986334 0.0473370292159406 0.0556797382197581 0.0730176667694128 0.0675965671082281 0.0796125197633463 0.113560284340838 0.0405292556667155 0.0855991423514117 0.0801074028294026 0.0486347970264141 0.0619979832156168 0.094660209636466 0.0685330400039389 0.112798468788526 0.0781220489932724 0.0598887291816569 0.0876625268572794 0.107524180309568
"FIA1" 0.0336187021690599 0 0.0248357243508201 0.0294269512369492 0.018376656762238 0.0418617091593827 0.0356136092141907 0.0209802506353776 0.0427237456719519 0.04099221937853 0.0716074080232973 0.0550235484765432 0.0512772099815528 0.0842513083677923 0.0789158837203602 0.0675757083706821 0.0472792515966076 0.048960476408592 0.0978620948020759 0.037667059849835 0.0830920045638909 0.0848329575040952 0.0901495042237481 0.0775774497604896 0.052063266792548 0.0915754262666422 0.0656314721992141 0.0925785558901986 0.0868567653739796 0.0899822092728039 0.0741857656153603 0.0705778013165349 0.0644322885531014 0.0454669813179952 0.0982770255824264 0.0507808981235895 0.0895913211642291 0.0549687659150895 0.0616830435713158 0.0423282867594173 0.0902050599709331 0.0853787806427785 0.0892563596917062 0.0877117303997339 0.0641385285782927 0.0965008101516788 0.0889597269551024 0.0302755198581681 0.0928409508623379 0.0964778141834061 0.0959940058346519 0.0848800759976496 0.035420675641353 0.0412823045721379 0.0478978650860649 0.0330842650507867 0.0457487301154888 0.081928723918737 0.0435266537126741 0.0496935612764828 0.0893038194028478 0.0665262766955159 0.0882898013868199 0.053045156144956 0.0856652407995364 0.0736294365114951 0.0569134253606736 0.0826402937633615 0.072738997723299 0.0573348671518462 0.0951144644729959 0.0750192210813041 0.0537935446645421 0.0627844233901725 0.0623233659381393 0.0790746764162931 0.0682947457397647 0.109527148559701 0.0393414413771037 0.0787659589661369 0.0677021253584501 0.0596595589203381 0.0497029720398731 0.0849874181319241 0.063265583573003 0.102505870891645 0.0648629724669236 0.0492389552799846 0.0650471365685174 0.0892827366937582
"FIA10" 0.0278767852842702 0.0248357243508201 0 0.0446848966090309 0.030170286628055 0.030487398747588 0.0305347451257391 0.0275388330652701 0.055896212925786 0.0487711780775993 0.0627126125057411 0.0452422780228751 0.045403302094071 0.0753842981977587 0.0678069552076734 0.0573826003561868 0.0416284808084598 0.0602509527927708 0.0863219608857591 0.0294340971582194 0.0739336594170519 0.0723531788877796 0.0765499128126717 0.0672516985257618 0.0435922957095648 0.0767363876802257 0.0559133513050122 0.0784092379463431 0.0740043526242244 0.0774784543749248 0.0622969396082703 0.0828847350012361 0.077875487407314 0.045210267379437 0.109345185578232 0.044855485580717 0.0986810199802612 0.0704470769691329 0.052984040780707 0.0553454685003904 0.0773351942661243 0.0769351129580117 0.0773537327123891 0.0757735431686418 0.0511868695160513 0.082158256111539 0.0747932953362096 0.039122200512446 0.0798323109594808 0.0823652263372414 0.0811203135817773 0.0716023073699575 0.0468990473168083 0.057098942493241 0.058208496427726 0.0505245313265394 0.0397705371005036 0.0939364673546288 0.040849960480008 0.0428307972744651 0.101485834000999 0.0781523708284312 0.101139920993405 0.0653592739345304 0.0967972249749173 0.084098476518965 0.0686462753224693 0.0942517069001167 0.0859155238006246 0.067440869622723 0.10621746173769 0.0860925523354693 0.0508307773515923 0.0598033714680174 0.0741930839051118 0.0719584487193425 0.0789536342549964 0.118436580092216 0.0434609966051466 0.0897546062908597 0.0788353163922541 0.050245586788086 0.058323839047596 0.0965372914745332 0.0740439397028352 0.112108271984645 0.0741865526012343 0.0603262357799197 0.0795143613284784 0.101423772486303
"FIA100" 0.0503781343121406 0.0294269512369492 0.0446848966090309 0 0.0352241711486738 0.0590296924500294 0.0457359245851502 0.0414747102730021 0.0422786493321783 0.0429220477572059 0.0855488335368528 0.069255517276392 0.0585985374660374 0.102976443718039 0.0939620778221061 0.0828656221124437 0.0532020779323847 0.0475949616723575 0.11291691291341 0.0531302042839521 0.103174214978825 0.104691283826894 0.110803242951298 0.0962223082754551 0.0678316462759357 0.111677565972915 0.0760481838090947 0.113063165326526 0.107875411707593 0.111275301283396 0.0920675788930862 0.0687721443855574 0.0617362919520455 0.0573407674296231 0.0969519257452463 0.067090436638751 0.0865918099925149 0.051162419938303 0.0793102951591376 0.0412435433550178 0.110601020563514 0.0945846627419856 0.110463392653677 0.108801506379293 0.0799982285798424 0.118201445311709 0.109514717429435 0.0320132263328885 0.113480533105423 0.118528664816778 0.116274486909297 0.104575579088872 0.0423360151119192 0.0309777115753616 0.0564361226923741 0.0256603013579877 0.0633852776158749 0.0790378567377196 0.0586633606542059 0.0646017614827757 0.0792538455168649 0.054448643004383 0.076827177602936 0.0443458364800511 0.0758895823251181 0.0641767988293619 0.04900644046036 0.0750784044377866 0.0615735120097413 0.0507422573270831 0.08682286515188 0.065632650911925 0.0584014870502684 0.070239476997466 0.0554281872315929 0.0844202267211436 0.0593929835529747 0.101669867465914 0.0452237989649585 0.0693102226302742 0.0589238145471268 0.0698022191423299 0.0540709719337813 0.0773677201584396 0.0563159241943094 0.0969350642456448 0.0605039463156155 0.0434796054540931 0.0497033153300512 0.0743844918597018
"FIB1" 0.024451313616366 0.018376656762238 0.030170286628055 0.0352241711486738 0 0.0389681137626237 0.0442851277290999 0.0188576022680771 0.0450114841625629 0.0357265162605647 0.0629293514335145 0.0455023528385076 0.0452717111855656 0.0758224523071889 0.0718562802169039 0.0584257530449714 0.0546022139151869 0.0399605911419896 0.0893214361983691 0.0360860715949754 0.0774239122753015 0.0795635399823038 0.0849527872738274 0.0706934759640271 0.0463007729654961 0.0850775773645044 0.0568961691008439 0.0864196446196229 0.0806018706558219 0.085006325926012 0.0788327296263539 0.0743376731384818 0.0545158634745004 0.0358826726481307 0.0962029451083628 0.0442901273815596 0.0947007043429482 0.0483078447219675 0.0590343806298751 0.0418994446918004 0.0834944887532681 0.0930119174526186 0.0831116320734726 0.0808755666750525 0.055716798188149 0.0908397572173558 0.0824329514785284 0.0389485674443582 0.0865478527232281 0.0910123115310873 0.0901585954765875 0.079128127827216 0.0254058518231134 0.0474253122658388 0.0350076109913349 0.0409063991606766 0.0387909374691216 0.0820557055085058 0.0363662083193371 0.0409165266490028 0.091224704606486 0.0690192650793837 0.0932267069660034 0.0526774728493148 0.0806836530894264 0.0709867487309427 0.0577372120801467 0.0844894230014683 0.0766492492303349 0.056211949659137 0.0906990753010042 0.0689144475925595 0.0558216402874667 0.0633532281917362 0.0614814009217623 0.0776655222087494 0.0661482899139951 0.10102455338504 0.0339670221556924 0.0728012516193037 0.0677303078776513 0.0566182019487427 0.0486674718085611 0.0795762305322448 0.0559379152798461 0.0966109739702505 0.0647284256075226 0.047257575847498 0.0720986548534532 0.0937943772029034
"FIB10" 0.0271564141859322 0.0418617091593827 0.030487398747588 0.0590296924500294 0.0389681137626237 0 0.0357151010419214 0.0326445775804179 0.0697036470606981 0.058771494777416 0.0387097465186972 0.0277202557249132 0.0429145102495656 0.0531562138006294 0.0455044015173868 0.0363901140931078 0.0299134999227945 0.0632499771276823 0.0643417093954892 0.0296458451096472 0.0534919230622008 0.0543313315170273 0.0594341163389075 0.0473604470426107 0.0233816971883313 0.0598472916882088 0.0341687203943697 0.0627231273495672 0.0575572840362871 0.0600016545032749 0.0499623575361932 0.0961763925736069 0.0813862158740595 0.0466005498884862 0.12076286984519 0.0393938770019989 0.116565036779092 0.0756462992099392 0.0331706377964503 0.0652102867047535 0.0597431401293277 0.0654162683022599 0.0579790679311571 0.0568582990704386 0.0309570474705487 0.0655511681026624 0.0586839479777701 0.0562830137801742 0.0608188353434211 0.0658617063163113 0.0635419837707539 0.0555709489329278 0.0503206489250421 0.0668308218941722 0.0618971191953449 0.0606625850890537 0.0400030418598113 0.108353600869342 0.0395547747963865 0.034588627558518 0.114809665573883 0.0924810996767113 0.116424717564847 0.0771700625877155 0.106876524105894 0.0946266820149854 0.0816721912584374 0.107797901855068 0.100179934203475 0.0777341568291697 0.115720532433427 0.0956039348371775 0.0569417087899348 0.0618319552530709 0.0857834158064808 0.0661701760217314 0.0892263445965856 0.129115852920477 0.0516356209718807 0.0997183484474132 0.0920462521520568 0.0428655941706059 0.0727873575537294 0.107177991794776 0.0849384312740513 0.125849045185499 0.0885118259763285 0.0719412746988863 0.0969351032390227 0.119221525399411
"FIB100" 0.0362128890242952 0.0356136092141907 0.0305347451257391 0.0457359245851502 0.0442851277290999 0.0357151010419214 0 0.0352946853231054 0.0661245395608002 0.0626992775554353 0.0627699908471431 0.045616079645134 0.0523212442108187 0.0776780118775525 0.0686926319794814 0.0595489854289044 0.024852648288831 0.069225064642288 0.0874337176019631 0.0320559533017707 0.0740121262356468 0.0719232928475801 0.0771450559214774 0.0669071676524156 0.0417057528065417 0.0779566051127981 0.0576707404436064 0.0790803278791676 0.0746070862892839 0.0774542455806971 0.061385513183571 0.0926429945770152 0.0848755417654696 0.0506706414967332 0.123423404210542 0.0439477440771778 0.111737528142605 0.0770093355243953 0.0513047483071116 0.0631901796902434 0.0769206964109174 0.0573961054278956 0.0771702008466571 0.0760699717370814 0.0565503128416899 0.0825454951846141 0.0757256246408964 0.0525383768383172 0.0802894239155565 0.0827125453259645 0.0829957156094007 0.0726569524934674 0.0539648865491233 0.0478974861518583 0.0670539133474626 0.0446538794244803 0.0449717110233526 0.106852715118251 0.0469998888499715 0.0403363309451118 0.114135295551854 0.0876288443844967 0.109573546184855 0.0783802377412026 0.111703607560106 0.0991214041564628 0.0791341024574049 0.10808977677777 0.0948085730841564 0.0807860256306863 0.121378812134507 0.100569413042397 0.0568574616491661 0.0682641952839984 0.0878385696231709 0.0694974757683622 0.0942686767647649 0.135755016941665 0.0584690472662856 0.105099689392935 0.0934630778538313 0.0569708524712828 0.0717916185257243 0.111466431219583 0.0901890115249602 0.13097499715119 0.0895804951803701 0.0744663717870584 0.0774945310173323 0.108524831614424
"FIC01" 0.0208095685330239 0.0209802506353776 0.0275388330652701 0.0414747102730021 0.0188576022680771 0.0326445775804179 0.0352946853231054 0 0.0491748002294103 0.0396232717817591 0.0586482333797047 0.0415774005933372 0.0430184607966035 0.0709498402610951 0.0657941984792779 0.0550817494469115 0.0458211108006099 0.0442995004864563 0.0851301927373454 0.0269434820970969 0.0671825292517069 0.0726691406851209 0.0780766484081886 0.0653163435280516 0.0386659379515507 0.077756991573234 0.0535739298782329 0.0795879559499355 0.0743198876491947 0.0757939194857361 0.0691630804081106 0.0748010532307506 0.0582576088256267 0.0304162219001395 0.101528784681182 0.0366971159600191 0.0969203467850958 0.0532273819597558 0.0512981561470537 0.0442797496324877 0.0763316086816506 0.0823669731855584 0.0755812919847421 0.0740878856689904 0.0512451537633126 0.0836347515654493 0.075654998736569 0.0375477257017783 0.0788048890302978 0.0839419658781129 0.0828461087154558 0.0720315743817894 0.0277978087951821 0.047486581865879 0.0403928031075441 0.0388421773869136 0.0299252453339946 0.0889781983224031 0.0292777821316679 0.0366557199608434 0.0987321784789401 0.0756870319028485 0.0995185638611717 0.060279856963219 0.089569011408392 0.0786298964516341 0.0646156831488507 0.0909028925381397 0.0832020487922794 0.0615616195107555 0.0990696278026079 0.0777196368027953 0.0554325796592996 0.0638769537523227 0.0692620993275994 0.078509457717958 0.0730391804946071 0.111756605648228 0.0378609303189358 0.0822404016591982 0.0741223990890348 0.0530672839052066 0.0540173836583806 0.0884583518655576 0.0661941741406103 0.109156843930539 0.0669749011550225 0.0536937153168879 0.0784742572320457 0.101395247754408
"FIC1" 0.0571755038312564 0.0427237456719519 0.055896212925786 0.0422786493321783 0.0450114841625629 0.0697036470606981 0.0661245395608002 0.0491748002294103 0 0.0285327150244127 0.0984256337008973 0.0824048156071402 0.0712974651892304 0.113469993345647 0.106925808180555 0.095979152884712 0.0766643891389968 0.0547437210017699 0.122464386798307 0.0668251957912173 0.1120049877126 0.114713577535403 0.119995015451093 0.10635607420419 0.0804141329213422 0.120627705789213 0.0920320605026979 0.120561384425727 0.116328943404575 0.118791606202976 0.104170463847926 0.0470030305867211 0.0351847698873062 0.0642704774398237 0.0715686616753022 0.0782636771102784 0.0651966857990414 0.026649691553466 0.09050885984412 0.0375140348945152 0.119858895489819 0.116119527869265 0.119225863218601 0.117589353832728 0.090480202867161 0.126912815380436 0.11873000353034 0.0385592942563801 0.122500306686867 0.127539403615269 0.126920811583315 0.114019697659138 0.0564285043814836 0.0392778174914943 0.0676930078326914 0.0444116875137212 0.0707914257075894 0.0581156050439587 0.0695272925461029 0.0758252455748186 0.064800974256586 0.0411431521054651 0.065870196645737 0.0335272854899992 0.0601237446540256 0.0485977670488798 0.0368701946523904 0.059365066120442 0.0468965814229132 0.0290213153624789 0.0693684164844922 0.0498145670753167 0.0786853389349436 0.08771495958035 0.0519747941704936 0.100611940653469 0.0471234095497046 0.0805154349577815 0.0625070171253121 0.0534515328903733 0.0423237908321843 0.0819606122444514 0.0649768158016341 0.0619746240453653 0.0464597271103916 0.0846297277497807 0.0456397622167288 0.0439303703708513 0.0459892172390383 0.0666840482080349
"FIC100" 0.0502736198774886 0.04099221937853 0.0487711780775993 0.0429220477572059 0.0357265162605647 0.058771494777416 0.0626992775554353 0.0396232717817591 0.0285327150244127 0 0.0852547781169529 0.0678458527873969 0.0695443404937438 0.10175860744746 0.0921009141704501 0.0822989633045783 0.0708383426303957 0.0427325964819293 0.112349816424984 0.055358642512686 0.0994953935536016 0.0989602989202128 0.104371177043888 0.0917501373309441 0.0669619545109077 0.10616351053807 0.0786910877486219 0.107217143373184 0.101618679978486 0.105468016719596 0.0973114760348233 0.055614580632873 0.0403674583120064 0.0618639120840732 0.0823347391608695 0.067845242151321 0.0762022318950695 0.0353451937262358 0.0805340903150869 0.0418868560763538 0.105917806191332 0.111857905741655 0.105574104611646 0.103837036166082 0.0780440859237437 0.112203561451423 0.103774261038462 0.0365297901512801 0.108563060957505 0.112255005909974 0.110130094207927 0.0995446738534147 0.0446920093257819 0.0388854372891513 0.0580953415760819 0.0428198048527858 0.0619410178665595 0.0685717256600002 0.0606636081420079 0.0663947557610802 0.0780692026426547 0.0544596083977564 0.0798892686745498 0.0391755616527382 0.0684681328133784 0.0566326099504158 0.045671137621844 0.0716562354795243 0.0626851034660317 0.0401193462091226 0.0776166753139998 0.0562399564824493 0.0792712784804101 0.0876080304779574 0.054800896157943 0.102589320417042 0.0520062789759697 0.0886274400971308 0.0560378394452391 0.0598890655944406 0.0530188864137676 0.0777983806937427 0.0698696745731574 0.0654104376245738 0.0442269562018651 0.0857591462321345 0.0456057224040628 0.043134232409599 0.0581520272463235 0.0789909689980657
"FIIA001" 0.0483361315710853 0.0716074080232973 0.0627126125057411 0.0855488335368528 0.0629293514335145 0.0387097465186972 0.0627699908471431 0.0586482333797047 0.0984256337008973 0.0852547781169529 0 0.0278824312014941 0.058683868991832 0.0521520437665748 0.041371117851441 0.024267521228798 0.0506309697135469 0.0685915862812354 0.043799047931877 0.0460004345329818 0.0541254329013619 0.0536002036352282 0.0604684395902864 0.0484652657771065 0.0370891103158041 0.0609047289823914 0.0309980513786374 0.0656977687182082 0.0594172979611068 0.0607783417122569 0.0606860020251243 0.124505467353362 0.0954775854265559 0.05441275453716 0.145172192329567 0.0493159111796827 0.146578198668041 0.0944820930492645 0.0434478650449926 0.083749300074913 0.0613116094509776 0.0709053374416804 0.0590210906584226 0.0578814626204284 0.035516807381202 0.0666936270959597 0.0609076167291267 0.0866126559704041 0.0622632048116209 0.0671371400521374 0.0641885188497752 0.0556464956754813 0.0648412960745105 0.0929407855125612 0.067518783882286 0.0855728142858304 0.0527085744439367 0.129551572550564 0.0509531610444336 0.0447098480700602 0.13575314667145 0.112816875504098 0.138260646829785 0.098372326180995 0.123449361200936 0.118133761717329 0.102982347805937 0.124893565242718 0.118259610754403 0.103909118758918 0.139641821739857 0.113250731993253 0.073450559276529 0.0762001658684235 0.101290434314789 0.0725611307108373 0.113110909091852 0.143849224600936 0.0723583740768539 0.117807385775205 0.112648109920738 0.0629372773645631 0.0963849759408325 0.12902148753267 0.102185815602997 0.141573499752018 0.113166218445825 0.0938862464110468 0.121990494376958 0.142691924032043
"FIIA01" 0.03244228570705 0.0550235484765432 0.0452422780228751 0.069255517276392 0.0455023528385076 0.0277202557249132 0.045616079645134 0.0415774005933372 0.0824048156071402 0.0678458527873969 0.0278824312014941 0 0.0465110114402772 0.0512642186361896 0.038980683558057 0.0304135404946785 0.0373665230789856 0.0561974954453868 0.0559954131820442 0.0268885461382332 0.0510818269364589 0.0509957999681823 0.0571992022197011 0.0446155344059332 0.0260181786184268 0.0575032129067357 0.0277050479584721 0.0615016982028421 0.0545636641935318 0.0584339009601476 0.0553181727795509 0.108260293257407 0.0806029404249023 0.0382176279656749 0.131008387234896 0.031708357827395 0.130600365426339 0.0779157850038774 0.0372549367288134 0.0720590380570045 0.0565207490810794 0.0683037364571673 0.0557172129168341 0.0542836373350636 0.0306323587875109 0.0630631408565373 0.0561654513042131 0.070595443887226 0.0582038570188686 0.0633972404796172 0.0619772563077322 0.0525225874379385 0.0486724533589522 0.0772490363731916 0.0525432162642696 0.0673771595890855 0.0354896753043124 0.118471668259381 0.0386307445787447 0.0263477027648775 0.122725019959262 0.100205792188439 0.125050219171821 0.0830729689236665 0.112729317964787 0.103137381774173 0.0899896821394271 0.114977244442203 0.108308265026942 0.0880764608640345 0.124246027822265 0.0995110679189777 0.0612019615705088 0.0652225002897773 0.0907482206671981 0.0704968059958387 0.0979798145931483 0.13508747170121 0.0567742482183402 0.103249455096999 0.100367339467444 0.0490923489142838 0.0804478812883794 0.113651741959352 0.0878283436855986 0.132320889616417 0.0977000176029675 0.0785792780617649 0.107357823043331 0.12783640281621
"FIIA1" 0.0346230664969637 0.0512772099815528 0.045403302094071 0.0585985374660374 0.0452717111855656 0.0429145102495656 0.0523212442108187 0.0430184607966035 0.0712974651892304 0.0695443404937438 0.058683868991832 0.0465110114402772 0 0.0817960264725975 0.072966591889053 0.0580876605919779 0.0561839151050522 0.0580196363865668 0.0854695262645225 0.0402592635058732 0.0826704335428609 0.0824243619070752 0.0890733836247964 0.0757940848474165 0.0488001748906608 0.0901826827379733 0.0568680705536561 0.091117816252777 0.0857463964199858 0.0904640895939305 0.0782972987077408 0.100313675380055 0.0766710540427979 0.0415971213741817 0.120570966746288 0.0499307191682296 0.120323143879337 0.0728386325637225 0.059270249826261 0.0581932442127868 0.0880658694682233 0.0927896779334213 0.0879576410095511 0.0867913261694612 0.0591783597377005 0.0956009832495102 0.0871513589486812 0.0668550156251525 0.0911278536436215 0.0961957419634809 0.0942123585278919 0.0834175782342206 0.0485985947249586 0.0721524627777129 0.0544374552821977 0.0664384421550584 0.0477873119620684 0.104237004204082 0.0351268323286176 0.0458234806041731 0.0951435798636928 0.0714297429527228 0.102187278070615 0.0619920217167698 0.0822622330727057 0.0813285591395834 0.0623185937106996 0.0861211505590468 0.0800330549311894 0.0696332603540048 0.108001061821884 0.0783336477137125 0.0361335537425769 0.0446934835896474 0.064771270455008 0.0582182182765482 0.078706540897079 0.107094264787486 0.0409376458694423 0.0796657254070238 0.0727277529043822 0.0478360602182199 0.0590131835049816 0.0991207716349546 0.0727363769540418 0.11497533828747 0.0845866756503085 0.0551599489298983 0.0854848559385283 0.108355208313499
"FIIA100" 0.0633150686918855 0.0842513083677923 0.0753842981977587 0.102976443718039 0.0758224523071889 0.0531562138006294 0.0776780118775525 0.0709498402610951 0.113469993345647 0.10175860744746 0.0521520437665748 0.0512642186361896 0.0817960264725975 0 0.0227653498523076 0.0484725693109344 0.0684476598807931 0.0979264738871828 0.0495644902325683 0.0601186373623157 0.0163230250076949 0.0240741202578715 0.0273412645753712 0.0209360643329983 0.0476600612095431 0.0243977296115737 0.0411119309586651 0.0342742626093431 0.0253248055904675 0.0246503516899363 0.0417180733429244 0.141657876768736 0.110793570006131 0.0634093186108787 0.166937459968302 0.0492387681666683 0.164678802496192 0.11048396149509 0.0416664692044525 0.105792563635748 0.0242271178109623 0.058791063344569 0.0201941675775205 0.0201338075048583 0.0347835410113156 0.0272335318964345 0.024543543755304 0.100329417850333 0.0257555837057221 0.0274166724400962 0.0262973166930971 0.0246189665079658 0.0809085273927194 0.110428496686697 0.0743885594320697 0.0996487610347809 0.0561745936596744 0.155524443344493 0.0716311524844709 0.0523795663870854 0.160656918833498 0.137239394127803 0.161759481429984 0.118516709581799 0.148965371362431 0.137388562546612 0.125812895537656 0.151351717565437 0.145425235684775 0.121628109717765 0.160638702529111 0.134883443555336 0.0946631927269591 0.0977376705320493 0.125117738956228 0.0945575853692868 0.13147862349579 0.172444324191455 0.0867368107690233 0.13879853526198 0.136571733452497 0.0783726365631375 0.115879245160807 0.148834897609339 0.122152907456661 0.169449430019134 0.131641164484223 0.112620280101971 0.141228172729437 0.1662548786201
"FIIB1" 0.0588121011736674 0.0789158837203602 0.0678069552076734 0.0939620778221061 0.0718562802169039 0.0455044015173868 0.0686926319794814 0.0657941984792779 0.106925808180555 0.0921009141704501 0.041371117851441 0.038980683558057 0.072966591889053 0.0227653498523076 0 0.0416492193507832 0.0583191210467687 0.0882684665795184 0.0410776301031672 0.0516226590752495 0.0203459165627763 0.0195711733678062 0.025754981212118 0.0149595437435796 0.0373519157888455 0.026107334350596 0.0302518773931834 0.0322761252688801 0.0237710063500475 0.0272655120948828 0.0348352412577903 0.130466095656619 0.105006149287762 0.0593874698704024 0.159977516507563 0.0467775887862556 0.153374883374015 0.103209055351703 0.0344864696311748 0.100349298591287 0.0254646457213788 0.051404922421501 0.0239350590183865 0.0235597664894586 0.0305241650886367 0.0311552842715779 0.0255351695134936 0.093202390608342 0.0264556380172219 0.0312738095155684 0.0301947436691167 0.0238485827861826 0.0768238157615091 0.103799187740292 0.0735210661714939 0.0939526145730722 0.0538160859544454 0.148219133463067 0.0686391367539593 0.0466405645664541 0.149806383200331 0.126869900863609 0.151570083411303 0.109124967403728 0.138347890064119 0.127058709549718 0.116215822431062 0.141640639605436 0.134844518900165 0.111212345466055 0.149535286977923 0.124899030452229 0.0875074337048574 0.090764863399938 0.116395353667757 0.0880699348715628 0.122175032072409 0.161600847406023 0.0793537895436009 0.128413138078273 0.126168482854371 0.0689284201864804 0.105610287622755 0.136844973295436 0.113571099146632 0.159449374553099 0.119704903694654 0.104256961702255 0.130967603238087 0.153946239975445
"FIIB10" 0.0448944440832045 0.0675757083706821 0.0573826003561868 0.0828656221124437 0.0584257530449714 0.0363901140931078 0.0595489854289044 0.0550817494469115 0.095979152884712 0.0822989633045783 0.024267521228798 0.0304135404946785 0.0580876605919779 0.0484725693109344 0.0416492193507832 0 0.0497241557489549 0.0679110752409818 0.0446694772171929 0.0430838235377764 0.0497365064205023 0.0511085704267826 0.0563107352300989 0.0432795778195544 0.0332510945004234 0.0549758389332559 0.0303402344173315 0.058483253163139 0.0525925260414006 0.0559487536758248 0.0512741043224012 0.121235675336598 0.0941409199055505 0.0553735686779243 0.142384634977578 0.049498797877712 0.143169767993899 0.0927025369542029 0.0368453969844449 0.0822011929662313 0.0543918557287646 0.0653637427589364 0.0533963456344644 0.0520380808752719 0.0317951322575094 0.0609683658108727 0.0530343136736976 0.0844786023171181 0.0556351573770638 0.061111543301613 0.0599698678228392 0.0495814944291924 0.0614412735770784 0.091890093799087 0.0659221731305221 0.0818531325376653 0.0529545223155718 0.125057407587341 0.0480192484297401 0.0447449862467408 0.135170542386244 0.111793384347148 0.136130906557131 0.0984942455589071 0.123002469592471 0.117668932605725 0.102313201534809 0.125017316129071 0.118311122667743 0.102887751972347 0.138539054172292 0.113872463835691 0.070713006835459 0.0744540977427294 0.101498616718192 0.0719405579010607 0.113041983548608 0.145169492330577 0.0700897211085438 0.11866621979586 0.111421335509033 0.061425568564345 0.0949725677732424 0.128463002045519 0.100134945019875 0.140636185566087 0.110637444593743 0.0922818012048048 0.121273864730172 0.141607223247767
"FIIB100" 0.0442050982687388 0.0472792515966076 0.0416284808084598 0.0532020779323847 0.0546022139151869 0.0299134999227945 0.024852648288831 0.0458211108006099 0.0766643891389968 0.0708383426303957 0.0506309697135469 0.0373665230789856 0.0561839151050522 0.0684476598807931 0.0583191210467687 0.0497241557489549 0 0.0712498550399059 0.0774892905522189 0.037488673800053 0.0664026860287237 0.0667183655350158 0.0727829231704259 0.0611369966003983 0.0383559503832214 0.0732020406159529 0.0476538129537516 0.0758884535922738 0.0709502862160542 0.0726966581352538 0.0566084861711175 0.106433039470206 0.0933633049530559 0.0569755483442078 0.133828786195929 0.0502237015463518 0.125572638127873 0.0878354255422102 0.0458753685413704 0.073403369827174 0.0730783915006689 0.049381950097492 0.0718810540310417 0.0714548993981293 0.0461611949125168 0.0789635465830231 0.072545922638796 0.0649634510998482 0.0742187509818227 0.0791494780626459 0.076235247094596 0.067839574848512 0.0597144412903682 0.0571994350663864 0.0734378339147803 0.0521081464174055 0.0518524229194298 0.114899738053274 0.0513363397828162 0.0456884147634626 0.122798169441206 0.0967583554779916 0.118644217479189 0.0873711597818637 0.120571609122178 0.108332808849503 0.088956577517243 0.116959792909444 0.103999467928255 0.0900690585785016 0.131042065382627 0.109673582285773 0.0627152631106033 0.0706104233605665 0.0969032912150996 0.0695505034335444 0.103034278702663 0.144778692728522 0.0666963095372503 0.113717264583694 0.102173024438835 0.053054066611164 0.0795380700638307 0.11989715791771 0.0983750385888126 0.137820894450495 0.100262266247537 0.0835330934617262 0.0873565925065429 0.117334792382184
"FIIC01" 0.0499039925565705 0.048960476408592 0.0602509527927708 0.0475949616723575 0.0399605911419896 0.0632499771276823 0.069225064642288 0.0442995004864563 0.0547437210017699 0.0427325964819293 0.0685915862812354 0.0561974954453868 0.0580196363865668 0.0979264738871828 0.0882684665795184 0.0679110752409818 0.0712498550399059 0 0.0979429869242778 0.0525762031693193 0.0978470150180697 0.097239775793247 0.10337244444659 0.0901309522400546 0.0679056964536115 0.10373831876896 0.0728493531268365 0.105367655005709 0.100466696308787 0.103796663700576 0.096047894566508 0.0801377383080519 0.0503385556360252 0.0513160503262168 0.0975155170615159 0.0628626485929673 0.101484600674527 0.048886940055251 0.0764575981846866 0.0390647467878835 0.10390528678666 0.10725210524799 0.101999625961064 0.100512442198518 0.0708503001653994 0.110189198417469 0.103098922742916 0.0479121548561638 0.104730834900267 0.110526821256144 0.107825930391448 0.0963534913019962 0.0352276599992495 0.0494164486406847 0.0408606639929529 0.0443820791793528 0.0580817710279478 0.0748658241837304 0.0419217735555511 0.0588864870756351 0.0878054290093633 0.0657222902190862 0.0901662236366638 0.0527896891309678 0.0759995115746066 0.0738411652020944 0.0576051829911889 0.0773008584087865 0.0699863990501346 0.0618027768257791 0.0935663688340518 0.0675966083581334 0.0695607992162317 0.0754170914492708 0.0537347032926803 0.091026944211211 0.0696145684115685 0.0950716557315233 0.0536967456431785 0.0709459357848767 0.0671262189654607 0.0818231784361628 0.0713769001354126 0.0850213597709328 0.0577387665570025 0.0910985520781184 0.0707733582080617 0.0502025270113078 0.0751961305866048 0.0967966753183581
"FIIC1" 0.0735139283574594 0.0978620948020759 0.0863219608857591 0.11291691291341 0.0893214361983691 0.0643417093954892 0.0874337176019631 0.0851301927373454 0.122464386798307 0.112349816424984 0.043799047931877 0.0559954131820442 0.0854695262645225 0.0495644902325683 0.0410776301031672 0.0446694772171929 0.0774892905522189 0.0979429869242778 0 0.0732494863681808 0.0496071946848644 0.0475235890859264 0.0499507127300517 0.0461809875616409 0.0571500149671378 0.0498685725155678 0.0472887089759786 0.056775210709184 0.050293903654188 0.0501048389794113 0.0625924705681463 0.147280247844753 0.117093500464501 0.0717901321738295 0.172487212688147 0.064697525076472 0.169461121932166 0.11753041094473 0.0564035969725608 0.110082371570467 0.0514708417988833 0.0793317725694955 0.0503369443734652 0.0518750823343831 0.0484274643677845 0.0556635726624746 0.0521941437801534 0.111692937139241 0.0520278077843915 0.0562756842460492 0.0559522491733639 0.0498147311248121 0.0912450803840119 0.120660420702058 0.0834065907302696 0.112547442643671 0.0704623051651769 0.15303380517665 0.0772655269546485 0.0652545110971199 0.161955121354533 0.140031211699143 0.163328975928512 0.125466180878282 0.148734107106821 0.144338246353686 0.12885456921339 0.147832485788948 0.144871424650596 0.129540463287486 0.165212728745172 0.13964136510669 0.0992814708091319 0.0960168121163264 0.122350668953616 0.0913193353782005 0.140704246153733 0.166591095833027 0.0971925180967865 0.142732822218152 0.140602725798352 0.0887490278103204 0.124063246021567 0.155361216987264 0.129997164315806 0.164070936171387 0.139382027035506 0.121638411004777 0.148751317820198 0.169277007841621
"FIIC10" 0.0270033000339456 0.037667059849835 0.0294340971582194 0.0531302042839521 0.0360860715949754 0.0296458451096472 0.0320559533017707 0.0269434820970969 0.0668251957912173 0.055358642512686 0.0460004345329818 0.0268885461382332 0.0402592635058732 0.0601186373623157 0.0516226590752495 0.0430838235377764 0.037488673800053 0.0525762031693193 0.0732494863681808 0 0.0601104263510186 0.0610747007638943 0.0664667438981539 0.0535339021717768 0.0321039275464112 0.0674618459358355 0.0405841510873596 0.0700357866541389 0.0638146346838734 0.0682213736462028 0.0590773402487126 0.0920258119704338 0.0739834250699126 0.0338478141277339 0.11914605777698 0.0266082568043978 0.114373108209991 0.0690316122534162 0.0385989220793139 0.058801674784941 0.0661584414184223 0.0706712933251859 0.0648938458519478 0.0633165867906939 0.0405750280633356 0.0720779162339443 0.065207657526982 0.0526439185815148 0.0688855873956842 0.0725235063691986 0.0708719784406654 0.0612360020741573 0.0426260534019185 0.0605307289992338 0.0481720720087987 0.0513886121755208 0.0274328484648558 0.104945950517427 0.0298526617733721 0.0237452291607174 0.112832204950491 0.0895827874488544 0.112343176344594 0.0736466210954458 0.103965068303748 0.0915417704283857 0.0794756248505701 0.103807186919153 0.0960967204897811 0.0757003001311869 0.114138973825882 0.0917819731845449 0.0544870489500456 0.0642910751966831 0.0817901233393798 0.074746743130377 0.0864331256997556 0.127519934068559 0.0471988856987501 0.0953443374791003 0.0875028570241736 0.0480263654810458 0.066235696031736 0.103262040640709 0.0806610063889872 0.123844726777529 0.0831792161884122 0.0654425396074553 0.0912224884943619 0.114219224981665
"FIIC100" 0.0634468868110111 0.0830920045638909 0.0739336594170519 0.103174214978825 0.0774239122753015 0.0534919230622008 0.0740121262356468 0.0671825292517069 0.1120049877126 0.0994953935536016 0.0541254329013619 0.0510818269364589 0.0826704335428609 0.0163230250076949 0.0203459165627763 0.0497365064205023 0.0664026860287237 0.0978470150180697 0.0496071946848644 0.0601104263510186 0 0.0197473125945319 0.0243943845239708 0.0170170092450888 0.0435869249354531 0.0212356190517116 0.0407690443641341 0.0315852663793361 0.0230492129579733 0.0209923434629997 0.0395482347690136 0.135095166923333 0.108711547722833 0.0601205411988825 0.165184083721874 0.0462088867723861 0.159174181662564 0.10763805244416 0.0405687156079252 0.102581488089439 0.0196470899990852 0.0566900680917167 0.0169548993231805 0.0156684795229771 0.0362034367942553 0.0243007151640026 0.0235066290478193 0.0974940758595594 0.0213449168971389 0.0244723696220314 0.02324243098222 0.0194306079405597 0.0814663560000166 0.109789272493738 0.0740217848225953 0.0976962444527661 0.0512464509695627 0.155497064484502 0.0729062280365403 0.0521455698768247 0.159510379669783 0.137347667319582 0.160484870596573 0.118964068171004 0.147723371930578 0.137039215465181 0.125786385923369 0.151420764227833 0.144558324468459 0.12075054530861 0.159690077261511 0.134808973465192 0.0959636219166543 0.0991576908759384 0.125429089421493 0.0961526077627683 0.132401566976685 0.172097581113305 0.0880975457292928 0.137584669970852 0.136782664760194 0.0775357239412682 0.115586881270323 0.147038649460215 0.123802984188116 0.169246795909624 0.128955530507257 0.114410795630572 0.140072982701642 0.164596876285565
"FIIIA001" 0.0690943557680927 0.0848329575040952 0.0723531788877796 0.104691283826894 0.0795635399823038 0.0543313315170273 0.0719232928475801 0.0726691406851209 0.114713577535403 0.0989602989202128 0.0536002036352282 0.0509957999681823 0.0824243619070752 0.0240741202578715 0.0195711733678062 0.0511085704267826 0.0667183655350158 0.097239775793247 0.0475235890859264 0.0610747007638943 0.0197473125945319 0 0.0120784917713147 0.016989539588352 0.0437990240374439 0.013095656924451 0.0435069759236137 0.0204976071771859 0.01296811715643 0.0149997610477733 0.032838635667853 0.136232266897484 0.112731742715078 0.0660341253688758 0.167272346353827 0.050255371681394 0.158558589404031 0.110831871211888 0.0385331047746622 0.107315678332918 0.0134647226319561 0.0539710068430852 0.0132740447901865 0.0142442328467634 0.0353367800686157 0.0168133498606355 0.0143239159905985 0.09915608501888 0.0154940674436194 0.0167989073468558 0.0161765137817456 0.0131510866651964 0.0840425621391519 0.110065286984914 0.0759207629657431 0.100090469910221 0.0581074480750329 0.155582205232109 0.0766586921028338 0.0526562981769518 0.158065160069628 0.136289196993621 0.16000449234681 0.117790967661432 0.146711241342149 0.136301666507641 0.124623323111022 0.150507553989114 0.14369502564882 0.119880515998977 0.158379564695904 0.134057805666726 0.0960765840769566 0.0991864932074491 0.125494983539777 0.097013023634468 0.131685853791081 0.170628151539086 0.0884123506229473 0.136732773566834 0.136251584931305 0.0784492056332756 0.114572090084502 0.146075970237046 0.123350229378751 0.167342982065212 0.127772380374964 0.113804796899777 0.139126585735682 0.163360887586894
"FIIIA01" 0.0740804678325897 0.0901495042237481 0.0765499128126717 0.110803242951298 0.0849527872738274 0.0594341163389075 0.0771450559214774 0.0780766484081886 0.119995015451093 0.104371177043888 0.0604684395902864 0.0571992022197011 0.0890733836247964 0.0273412645753712 0.025754981212118 0.0563107352300989 0.0727829231704259 0.10337244444659 0.0499507127300517 0.0664667438981539 0.0243943845239708 0.0120784917713147 0 0.021093798372595 0.0491502895332842 0.00778351976918056 0.0487346613976657 0.0123157397995485 0.00850173032904692 0.0101624322726949 0.0337441257398993 0.141735009002695 0.118501017715376 0.0709552112344786 0.172825796855402 0.0559526381641817 0.163837686682604 0.116557521927959 0.0439658673615982 0.113566536056567 0.0108836693129909 0.0586733704822441 0.0136391055724123 0.0162104535336232 0.0411894465796563 0.0113449879189589 0.0104506135689977 0.104262154347701 0.0105522603055794 0.0104430124404722 0.0145587436035818 0.0152192825940589 0.0895916139462037 0.116071193252217 0.0806740919186037 0.105687399134813 0.063442080606944 0.161012277285003 0.0818898992118276 0.0577753631054468 0.164354439647518 0.142695631346246 0.165398780855304 0.124513107518631 0.153115293223637 0.142747735470603 0.13085984745775 0.156571991392887 0.150095504229759 0.12622037319949 0.164573039835854 0.140466424104786 0.102467295008329 0.105395020813774 0.131397484856974 0.102684504263781 0.137989740671042 0.177243630337359 0.0948092254328717 0.143322620640169 0.142626119167549 0.0848162267371061 0.121391327213649 0.152628167983805 0.129953141477978 0.173454368489359 0.134069325615834 0.120463437193205 0.1456944272798 0.169799204024198
